Sum 1 1 0 2655.900000000002 100.0 151.38351106643677 31.9565167427063
Drone 0 80.39999999999998 0.0 1.1871368885040283
Drone 1 622.3999999999969 0.0 34.9383180141449
Drone 2 454.60000000000025 0.0 1.232259750366211
Drone 3 1102.8000000000043 0.0 151.38351106643677
Drone 4 226.90000000000018 0.0 2.5891997814178467
Drone 5 168.79999999999998 100.0 0.408674955368042
Sum 1 1 1 -14650.800000000001 17240.0 20.736659288406372 6.32325557867686
Drone 0 114.99999999999997 0.0 0.9702625274658203
Drone 1 -3215.8000000000006 3850.0 7.367877721786499
Drone 2 -641.2000000000004 1170.0 5.462357044219971
Drone 3 -10483.400000000001 11190.0 20.736659288406372
Drone 4 118.2000000000001 200.0 1.995246410369873
Drone 5 -543.6000000000001 830.0 1.407130479812622
Sum 1 1 2 2699.8000000000097 710.0 4.607651233673096 1.93748672803243
Drone 0 94.5 20.0 0.5850644111633301
Drone 1 850.1999999999999 0.0 3.0713751316070557
Drone 2 282.20000000000067 270.0 1.982346534729004
Drone 3 1078.6000000000085 180.0 4.607651233673096
Drone 4 104.30000000000072 200.0 0.8408718109130859
Drone 5 290.00000000000017 40.0 0.5376112461090088
Sum 1 1 3 -13325.200000000003 15900.0 90.75608968734741 18.17487406730652
Drone 0 103.40000000000003 0.0 0.06594228744506836
Drone 1 -3141.3999999999996 3780.0 14.491743087768555
Drone 2 -391.4 900.0 2.3204078674316406
Drone 3 -9911.600000000002 10670.0 90.75608968734741
Drone 4 123.80000000000007 140.0 0.9516658782958984
Drone 5 -107.99999999999997 410.0 0.4633955955505371
Sum 1 1 4 2798.950000000009 0.0 3.9180314540863037 0.9193145831425985
Drone 0 78.8 0.0 0.062400102615356445
Drone 1 646.9999999999995 0.0 0.8976247310638428
Drone 2 459.3500000000002 0.0 0.46234703063964844
Drone 3 1109.200000000009 0.0 3.9180314540863037
Drone 4 226.00000000000026 0.0 0.07654953002929688
Drone 5 278.6 0.0 0.09893465042114258
Sum 1 2 0 2649.900000000007 100.0 55.1282103061676 13.508522311846415
Drone 0 80.39999999999998 0.0 1.073028802871704
Drone 1 622.3999999999978 0.0 21.40061640739441
Drone 2 452.6000000000003 0.0 1.3503432273864746
Drone 3 1098.8000000000086 0.0 55.1282103061676
Drone 4 226.90000000000018 0.0 1.6657731533050537
Drone 5 168.79999999999998 100.0 0.43316197395324707
Sum 1 2 1 -13239.300000000001 15950.0 25.5370774269104 7.275888005892436
Drone 0 114.99999999999997 0.0 1.5923824310302734
Drone 1 -2675.2 3360.0 8.616925954818726
Drone 2 -261.1 820.0 5.072335481643677
Drone 3 -10340.400000000001 11060.0 25.5370774269104
Drone 4 118.59999999999997 200.0 1.652087926864624
Drone 5 -196.2000000000001 510.0 1.184518814086914
Sum 1 2 2 2826.3000000000097 610.0 6.18104100227356 2.4331771532694497
Drone 0 94.50000000000001 20.0 0.769233226776123
Drone 1 835.2 0.0 3.2405600547790527
Drone 2 417.0000000000005 150.0 2.6153054237365723
Drone 3 1137.8000000000081 150.0 6.18104100227356
Drone 4 108.00000000000077 200.0 1.0835835933685303
Drone 5 233.80000000000015 90.0 0.7093396186828613
Sum 1 2 3 -12555.35 15230.0 49.996437788009644 10.70609962940216
Drone 0 103.40000000000003 0.0 0.14220166206359863
Drone 1 -2440.800000000001 3160.0 11.012917280197144
Drone 2 -678.1499999999999 1170.0 2.1377696990966797
Drone 3 -9549.8 10340.0 49.996437788009644
Drone 4 -208.5999999999996 460.0 0.6319572925567627
Drone 5 218.59999999999988 100.0 0.31531405448913574
Sum 1 2 4 2752.3500000000095 0.0 2.7405831813812256 0.6440281470616659
Drone 0 78.8 0.0 0.04218578338623047
Drone 1 611.9999999999994 0.0 0.5560774803161621
Drone 2 459.3500000000002 0.0 0.2877664566040039
Drone 3 1097.6000000000092 0.0 2.7405831813812256
Drone 4 226.00000000000026 0.0 0.12927651405334473
Drone 5 278.6 0.0 0.10827946662902832
Sum 1 3 0 2584.25 130.0 14541.224136352539 2426.462610324224
Drone 0 76.79999999999998 0.0 1.30059814453125
Drone 1 622.3999999999995 0.0 13.801495552062988
Drone 2 407.7500000000003 30.0 0.6345582008361816
Drone 3 1098.8000000000004 0.0 14541.224136352539
Drone 4 226.9000000000002 0.0 1.403749704360962
Drone 5 151.60000000000005 100.0 0.41112399101257324
Sum 1 3 1 -14648.999999999995 17230.0 17.090028524398804 5.335144440333049
Drone 0 114.99999999999996 0.0 0.9363620281219482
Drone 1 -3556.0 4160.0 6.312685489654541
Drone 2 -388.19999999999993 940.0 5.018430471420288
Drone 3 -10563.399999999996 11260.0 17.090028524398804
Drone 4 115.59999999999995 200.0 1.6214039325714111
Drone 5 -372.0000000000002 670.0 1.0319561958312988
Sum 1 3 2 2302.6000000000117 1070.0 4.4971396923065186 1.9267228444417317
Drone 0 91.2 20.0 0.6180367469787598
Drone 1 837.9999999999998 0.0 2.768873453140259
Drone 2 402.8000000000008 160.0 2.228320837020874
Drone 3 776.6000000000104 480.0 4.4971396923065186
Drone 4 100.6000000000005 200.0 0.9532263278961182
Drone 5 93.40000000000003 210.0 0.49474000930786133
Sum 1 3 3 -15180.650000000001 17640.0 28.4972186088562 6.436792691548665
Drone 0 30.400000000000006 70.0 0.1389455795288086
Drone 1 -3361.2 3980.0 7.254646062850952
Drone 2 -798.2499999999998 1280.0 1.678297996520996
Drone 3 -10311.600000000002 11030.0 28.4972186088562
Drone 4 -230.19999999999953 490.0 0.675537109375
Drone 5 -509.80000000000024 790.0 0.3761107921600342
Sum 1 3 4 2751.3500000000136 0.0 1.4942131042480469 0.3924115498860677
Drone 0 75.6 0.0 0.04443025588989258
Drone 1 637.0000000000001 0.0 0.38982057571411133
Drone 2 455.7500000000002 0.0 0.2925100326538086
Drone 3 1095.6000000000129 0.0 1.4942131042480469
Drone 4 226.0000000000002 0.0 0.08182334899902344
Drone 5 261.4 0.0 0.05167198181152344
Sum 2 1 0 2715.9000000000074 10.0 215.59339141845703 42.158729354540505
Drone 0 75.6 0.0 1.2535860538482666
Drone 1 592.3999999999984 0.0 33.19857144355774
Drone 2 294.4000000000001 10.0 0.6111512184143066
Drone 3 1180.8000000000081 0.0 215.59339141845703
Drone 4 94.30000000000008 0.0 0.39394450187683105
Drone 5 478.4000000000005 0.0 1.9017314910888672
Sum 2 1 1 -16594.600000000002 19000.0 30.513060808181763 8.263806223869324
Drone 0 84.0 20.0 2.6593003273010254
Drone 1 -2704.400000000001 3340.0 6.481991767883301
Drone 2 -140.20000000000013 520.0 2.9741156101226807
Drone 3 -11548.0 12280.0 30.513060808181763
Drone 4 109.00000000000001 0.0 0.7555859088897705
Drone 5 -2395.000000000001 2840.0 6.198782920837402
Sum 2 1 2 2840.200000000008 540.0 5.723123788833618 2.213139057159424
Drone 0 84.00000000000006 20.0 1.3111505508422852
Drone 1 820.7999999999998 0.0 2.8028361797332764
Drone 2 101.20000000000022 260.0 0.7303316593170166
Drone 3 1296.2000000000066 110.0 5.723123788833618
Drone 4 110.80000000000004 0.0 0.1936502456665039
Drone 5 427.20000000000056 150.0 2.5177419185638428
Sum 2 1 3 -14283.0 16750.0 95.72845530509949 19.268938819567364
Drone 0 82.99999999999999 0.0 0.12549734115600586
Drone 1 -2422.0 3080.0 12.237725973129272
Drone 2 -32.39999999999998 390.0 0.9139840602874756
Drone 3 -11016.0 11790.0 95.72845530509949
Drone 4 105.20000000000002 0.0 0.07077813148498535
Drone 5 -1000.8000000000002 1490.0 6.537192106246948
Sum 2 1 4 2787.7500000000073 0.0 5.173473596572876 1.1762295961380005
Drone 0 72.8 0.0 0.13861656188964844
Drone 1 601.999999999998 0.0 0.5250957012176514
Drone 2 307.6000000000002 0.0 0.22075939178466797
Drone 3 1207.600000000009 0.0 5.173473596572876
Drone 4 94.00000000000009 0.0 0.0877683162689209
Drone 5 503.74999999999994 0.0 0.9116640090942383
Sum 2 2 0 2686.3000000000043 40.0 81.61380887031555 16.667859435081482
Drone 0 75.6 0.0 1.4136052131652832
Drone 1 592.3999999999971 0.0 14.685807943344116
Drone 2 294.40000000000015 10.0 0.4173600673675537
Drone 3 1178.4000000000062 0.0 81.61380887031555
Drone 4 94.30000000000008 0.0 0.36107921600341797
Drone 5 451.20000000000033 30.0 1.5154953002929688
Sum 2 2 1 -15543.399999999994 18050.0 23.80972123146057 7.115075469017029
Drone 0 84.00000000000006 20.0 2.672621726989746
Drone 1 -2459.999999999999 3110.0 6.916663646697998
Drone 2 -10.200000000000031 400.0 2.564554452896118
Drone 3 -10542.799999999996 11380.0 23.80972123146057
Drone 4 109.00000000000001 0.0 0.7792510986328125
Drone 5 -2723.4000000000005 3140.0 5.947640657424927
Sum 2 2 2 2472.0000000000114 820.0 5.869326591491699 2.60569175084432
Drone 0 84.00000000000006 20.0 1.5030267238616943
Drone 1 764.7999999999994 50.0 4.553286552429199
Drone 2 101.1999999999999 260.0 1.506422996520996
Drone 3 985.4000000000117 350.0 5.869326591491699
Drone 4 110.80000000000001 0.0 0.25893473625183105
Drone 5 425.8000000000006 140.0 1.943152904510498
Sum 2 2 3 -14854.9 17280.0 42.65290093421936 8.758104602495829
Drone 0 91.8 0.0 0.1069345474243164
Drone 1 -2670.5999999999995 3300.0 6.326911926269531
Drone 2 -132.99999999999994 490.0 0.9679422378540039
Drone 3 -10830.6 11620.0 42.65290093421936
Drone 4 105.20000000000002 0.0 0.062288522720336914
Drone 5 -1417.7000000000003 1870.0 2.4316494464874268
Sum 2 2 4 2758.950000000005 0.0 2.403628349304199 0.5635950962702433
Drone 0 72.80000000000001 0.0 0.09267282485961914
Drone 1 608.999999999998 0.0 0.3257160186767578
Drone 2 307.60000000000014 0.0 0.1729264259338379
Drone 3 1173.6000000000065 0.0 2.403628349304199
Drone 4 94.00000000000009 0.0 0.06315946578979492
Drone 5 501.9500000000004 0.0 0.323467493057251
Sum 2 3 0 2508.4000000000055 190.0 19.521114587783813 5.666218082110087
Drone 0 71.99999999999999 0.0 1.1184911727905273
Drone 1 592.3999999999984 0.0 11.85129690170288
Drone 2 250.40000000000006 40.0 0.5065641403198242
Drone 3 1178.4000000000078 0.0 19.521114587783813
Drone 4 94.60000000000008 0.0 0.27329134941101074
Drone 5 320.5999999999996 150.0 0.7265503406524658
Sum 2 3 1 -16021.800000000001 18470.0 18.038961172103882 5.388591329256694
Drone 0 84.00000000000003 20.0 1.950958013534546
Drone 1 -2817.9999999999995 3440.0 4.420248985290527
Drone 2 -302.30000000000007 670.0 2.2893996238708496
Drone 3 -10801.800000000001 11600.0 18.038961172103882
Drone 4 109.00000000000003 0.0 0.6608595848083496
Drone 5 -2292.7000000000007 2740.0 4.971120595932007
Sum 2 3 2 1164.4000000000142 2090.0 4.332817077636719 2.224368453025818
Drone 0 84.00000000000006 20.0 2.1024394035339355
Drone 1 764.7999999999994 50.0 3.119694232940674
Drone 2 123.20000000000016 230.0 1.1544146537780762
Drone 3 99.20000000001517 1230.0 4.332817077636719
Drone 4 67.60000000000002 40.0 0.2906527519226074
Drone 5 25.59999999999954 520.0 2.3461925983428955
Sum 2 3 3 -14950.750000000002 17410.0 29.397871732711792 6.674678007761638
Drone 0 95.19999999999997 0.0 0.125746488571167
Drone 1 -2729.9999999999995 3360.0 6.962913513183594
Drone 2 -371.1999999999999 710.0 0.7240781784057617
Drone 3 -10802.400000000001 11600.0 29.397871732711792
Drone 4 104.00000000000001 0.0 0.05509376525878906
Drone 5 -1246.3500000000001 1740.0 2.7823643684387207
Sum 2 3 4 2721.150000000012 80.0 2.0586822032928467 0.543479323387146
Drone 0 69.6 0.0 0.12051701545715332
Drone 1 601.999999999998 0.0 0.3139653205871582
Drone 2 303.40000000000026 0.0 0.18934011459350586
Drone 3 1162.0000000000139 80.0 2.0586822032928467
Drone 4 94.00000000000007 0.0 0.044449806213378906
Drone 5 490.15000000000026 0.0 0.533921480178833
Sum 3 1 0 2536.4999999999936 170.0 41.75583100318909 11.410893201828003
Drone 0 437.2999999999998 0.0 0.8032829761505127
Drone 1 510.79999999999666 0.0 23.93561816215515
Drone 2 472.2 130.0 1.0483736991882324
Drone 3 499.1999999999967 0.0 41.75583100318909
Drone 4 175.65000000000015 40.0 0.0823824405670166
Drone 5 441.35000000000014 0.0 0.8398709297180176
Sum 3 1 1 -8171.0 11240.0 9.341768264770508 6.335890332857768
Drone 0 -961.5000000000006 1470.0 9.341768264770508
Drone 1 -1753.6 2360.0 5.4570534229278564
Drone 2 -2292.8 2880.0 8.53255319595337
Drone 3 -1379.0 2010.0 5.181298494338989
Drone 4 -89.19999999999996 370.0 1.7669920921325684
Drone 5 -1694.8999999999999 2150.0 7.735676527023315
Sum 3 1 2 2221.9000000000037 1170.0 3.188023567199707 2.2235835790634155
Drone 0 414.7999999999998 120.0 2.4213178157806396
Drone 1 708.0000000000006 0.0 2.9428908824920654
Drone 2 -215.30000000000075 860.0 3.188023567199707
Drone 3 676.0000000000036 0.0 1.7029435634613037
Drone 4 230.2000000000001 50.0 0.7095115184783936
Drone 5 408.20000000000067 140.0 2.376814126968384
