Sum 1 1 0 463.80000000002457 2770.0 269.16972517967224 57.51157307624817
Drone 0 -429.60000000000014 710.0 0.11945533752441406
Drone 1 956.6000000000023 0.0 75.25377035140991
Drone 2 -1069.3999999999996 1400.0 0.11530041694641113
Drone 3 1195.000000000022 0.0 269.16972517967224
Drone 4 -70.00000000000009 250.0 0.14578986167907715
Drone 5 -118.79999999999988 410.0 0.265397310256958
Sum 1 1 1 -23688.6 26250.0 25.901702642440796 7.4139476617177325
Drone 0 -297.2000000000002 610.0 0.2512369155883789
Drone 1 -8473.0 9140.0 17.017879009246826
Drone 2 -251.80000000000004 680.0 0.4981727600097656
Drone 3 -12762.0 13410.0 25.901702642440796
Drone 4 -142.80000000000004 370.0 0.18846917152404785
Drone 5 -1761.7999999999997 2040.0 0.626225471496582
Sum 1 1 2 1341.000000000005 2550.0 8.668204307556152 2.482040365537008
Drone 0 -696.4000000000001 970.0 0.11704206466674805
Drone 1 1142.9999999999998 80.0 5.581109285354614
Drone 2 -387.4000000000001 780.0 0.2091681957244873
Drone 3 1301.0000000000055 120.0 8.668204307556152
Drone 4 -61.199999999999974 280.0 0.10168910026550293
Drone 5 41.99999999999997 320.0 0.21502923965454102
Sum 1 1 3 -24440.0 26920.0 14652.76870393753 2450.8225195407867
Drone 0 -1932.0000000000005 2130.0 0.22660160064697266
Drone 1 -8191.0 8880.0 50.74635696411133
Drone 2 -1282.0 1630.0 0.2583186626434326
Drone 3 -11667.0 12410.0 14652.76870393753
Drone 4 -347.80000000000007 560.0 0.07534599304199219
Drone 5 -1020.2000000000002 1310.0 0.8597900867462158
Sum 1 1 4 -708.3999999999885 4010.0 4.006028413772583 1.3453728755315144
Drone 0 -1583.2 1790.0 0.145857572555542
Drone 1 978.3999999999999 0.0 3.4992809295654297
Drone 2 -995.3999999999997 1340.0 0.19425439834594727
Drone 3 1225.4000000000115 0.0 4.006028413772583
Drone 4 -269.8000000000002 470.0 0.08223438262939453
Drone 5 -63.80000000000001 410.0 0.14458155632019043
Sum 1 2 0 569.8000000000277 2660.0 84.65790438652039 19.772230903307598
Drone 0 -429.60000000000014 710.0 0.09105968475341797
Drone 1 956.6000000000053 0.0 33.48319888114929
Drone 2 -1130.1999999999994 1460.0 0.07460331916809082
Drone 3 1195.000000000022 0.0 84.65790438652039
Drone 4 -91.60000000000008 270.0 0.15137839317321777
Drone 5 69.59999999999994 220.0 0.17524075508117676
Sum 1 2 1 -24310.600000000002 26820.0 26.26561975479126 6.788898785909017
Drone 0 -683.6000000000001 970.0 0.34571027755737305
Drone 1 -8258.2 8940.0 12.837578773498535
Drone 2 -671.0 1060.0 0.5249290466308594
Drone 3 -12664.0 13320.0 26.26561975479126
Drone 4 -150.8 380.0 0.23323512077331543
Drone 5 -1883.0 2150.0 0.5263197422027588
Sum 1 2 2 1217.3999999999883 2650.0 7.937638998031616 2.119109114011129
Drone 0 -433.20000000000005 720.0 0.22379422187805176
Drone 1 1159.599999999999 40.0 3.7574706077575684
Drone 2 -467.20000000000005 850.0 0.44902968406677246
Drone 3 948.7999999999894 470.0 7.937638998031616
Drone 4 -7.599999999999956 230.0 0.10769486427307129
Drone 5 17.000000000000014 340.0 0.23902630805969238
Sum 1 2 3 -24329.4 26810.0 55.79865097999573 12.478407939275106
Drone 0 -1682.2 1870.0 0.1848907470703125
Drone 1 -8302.599999999999 8980.0 18.0476393699646
Drone 2 -1220.4000000000005 1580.0 0.2559521198272705
Drone 3 -11291.0 12070.0 55.79865097999573
Drone 4 -629.9999999999998 820.0 0.0941154956817627
Drone 5 -1203.2 1490.0 0.4891989231109619
Sum 1 2 4 -1060.799999999977 4270.0 3.1061320304870605 0.7444456020991007
Drone 0 -1713.4 1900.0 0.06636500358581543
Drone 1 966.6000000000004 0.0 0.8464081287384033
Drone 2 -1037.9999999999995 1380.0 0.14102792739868164
Drone 3 1193.4000000000224 0.0 3.1061320304870605
Drone 4 -426.0000000000001 610.0 0.07260894775390625
Drone 5 -43.400000000000006 380.0 0.2341315746307373
Sum 1 3 0 243.8000000000254 2970.0 36.04000425338745 10.937546730041504
Drone 0 -425.20000000000016 720.0 0.0727086067199707
Drone 1 956.6000000000053 0.0 29.245158672332764
Drone 2 -1550.3999999999994 1830.0 0.12020754814147949
Drone 3 1194.6000000000197 0.0 36.04000425338745
Drone 4 50.60000000000001 140.0 0.042908430099487305
Drone 5 17.599999999999998 280.0 0.1042928695678711
Sum 1 3 1 -24212.600000000002 26720.0 21.44922637939453 6.078912774721782
Drone 0 -375.0000000000002 680.0 0.4997828006744385
Drone 1 -8158.799999999999 8850.0 12.757505178451538
Drone 2 -687.9999999999999 1080.0 1.0158133506774902
Drone 3 -13164.6 13770.0 21.44922637939453
Drone 4 -184.40000000000006 410.0 0.26561403274536133
Drone 5 -1641.8 1930.0 0.4855349063873291
Sum 1 3 2 564.2000000000199 3290.0 6.4183900356292725 2.056056181589762
Drone 0 -783.2000000000002 1050.0 0.20546483993530273
Drone 1 1177.0000000000016 40.0 4.572472333908081
Drone 2 -446.5999999999997 830.0 0.6806375980377197
Drone 3 780.2000000000182 650.0 6.4183900356292725
Drone 4 -129.19999999999996 340.0 0.142439603805542
Drone 5 -34.00000000000013 380.0 0.31693267822265625
Sum 1 3 3 -25681.199999999997 28070.0 32.713778257369995 8.240867733955383
Drone 0 -2073.0 2250.0 0.14133667945861816
Drone 1 -8302.599999999999 8980.0 16.029022216796875
Drone 2 -1529.6 1860.0 0.12466573715209961
Drone 3 -11603.4 12350.0 32.713778257369995
Drone 4 -932.5999999999999 1100.0 0.10443949699401855
Drone 5 -1239.9999999999998 1530.0 0.33196401596069336
Sum 1 3 4 -1720.799999999983 4920.0 1.8608558177947998 0.5501375198364258
Drone 0 -1799.0 1980.0 0.11976265907287598
Drone 1 966.6000000000004 0.0 0.8844423294067383
Drone 2 -1595.4 1890.0 0.1558091640472412
Drone 3 1231.400000000017 0.0 1.8608558177947998
Drone 4 -514.6000000000001 700.0 0.10108757019042969
Drone 5 -9.800000000000054 350.0 0.17886757850646973
Sum 2 1 0 1784.8000000000236 1520.0 228.21797013282776 50.466962456703186
Drone 0 248.00000000000026 0.0 0.4972853660583496
Drone 1 956.6000000000023 0.0 73.55340838432312
Drone 2 -556.2000000000007 1020.0 0.16667485237121582
Drone 3 1195.000000000022 0.0 228.21797013282776
Drone 4 -36.20000000000017 220.0 0.274430513381958
Drone 5 -22.400000000000034 280.0 0.09200549125671387
Sum 2 1 1 -23578.199999999997 26140.0 22.638532400131226 6.01689871152242
Drone 0 -1323.4 1570.0 0.30704426765441895
Drone 1 -8473.0 9140.0 12.005139112472534
Drone 2 -126.79999999999987 640.0 0.5477862358093262
Drone 3 -12762.0 13410.0 22.638532400131226
Drone 4 -144.8 370.0 0.2513418197631836
Drone 5 -748.2 1010.0 0.351548433303833
Sum 2 1 2 2072.400000000005 1880.0 6.878480911254883 2.0619483391443887
Drone 0 -110.60000000000002 410.0 0.1292273998260498
Drone 1 1142.9999999999998 80.0 4.499247789382935
Drone 2 -276.40000000000015 770.0 0.4261343479156494
Drone 3 1301.0000000000055 120.0 6.878480911254883
Drone 4 79.80000000000001 150.0 0.19716620445251465
Drone 5 -64.40000000000003 350.0 0.24143338203430176
Sum 2 1 3 -23423.399999999998 25970.0 112.40494751930237 25.699651678403217
Drone 0 -824.1999999999999 1090.0 0.5278494358062744
Drone 1 -8191.0 8880.0 40.55676078796387
Drone 2 -1924.399999999999 2310.0 0.3401210308074951
Drone 3 -11667.0 12410.0 112.40494751930237
Drone 4 -423.80000000000007 630.0 0.06397843360900879
Drone 5 -393.00000000000006 650.0 0.30425286293029785
Sum 2 1 4 91.80000000001402 3270.0 4.759779691696167 1.3296831846237183
Drone 0 31.800000000000125 260.0 0.25998783111572266
Drone 1 978.3999999999999 0.0 2.4451799392700195
Drone 2 -1990.9999999999975 2360.0 0.25131750106811523
Drone 3 1225.4000000000115 0.0 4.759779691696167
Drone 4 -147.39999999999995 360.0 0.10783934593200684
Drone 5 -5.400000000000034 290.0 0.15399479866027832
Sum 2 2 0 1802.8000000000268 1480.0 69.45773148536682 16.537474552790325
Drone 0 243.20000000000024 0.0 0.6599564552307129
Drone 1 956.6000000000053 0.0 28.63504457473755
Drone 2 -405.8000000000004 880.0 0.14699029922485352
Drone 3 1195.000000000022 0.0 69.45773148536682
Drone 4 -36.20000000000017 220.0 0.25321197509765625
Drone 5 -150.00000000000006 380.0 0.07191252708435059
Sum 2 2 1 -23379.600000000002 25960.0 18.847043752670288 4.800128897031148
Drone 0 -1246.2 1500.0 0.30067968368530273
Drone 1 -8258.2 8940.0 8.886883974075317
Drone 2 28.200000000000145 500.0 0.4097554683685303
Drone 3 -12664.0 13320.0 18.847043752670288
Drone 4 -86.39999999999999 320.0 0.10444164276123047
Drone 5 -1153.0 1380.0 0.2519688606262207
Sum 2 2 2 1725.5999999999883 2170.0 5.872036457061768 1.579189618428548
Drone 0 -2.7999999999998693 290.0 0.11538076400756836
Drone 1 1159.599999999999 40.0 2.8639118671417236
Drone 2 -222.39999999999995 720.0 0.3547825813293457
Drone 3 948.7999999999894 470.0 5.872036457061768
Drone 4 56.40000000000004 170.0 0.13628673553466797
Drone 5 -214.00000000000017 480.0 0.13273930549621582
Sum 2 2 3 -23127.399999999998 25670.0 38.346569776535034 8.596432407697042
Drone 0 -950.7999999999998 1200.0 0.4247868061065674
Drone 1 -8302.599999999999 8980.0 12.390897035598755
Drone 2 -1669.3999999999983 2070.0 0.15727543830871582
Drone 3 -11291.0 12070.0 38.346569776535034
Drone 4 -188.40000000000003 390.0 0.10185050964355469
Drone 5 -725.1999999999998 960.0 0.15721487998962402
Sum 2 2 4 80.00000000002525 3210.0 1.931868076324463 0.47344815731048584
Drone 0 -26.399999999999814 300.0 0.12111020088195801
Drone 1 966.6000000000004 0.0 0.5652480125427246
Drone 2 -1990.9999999999975 2360.0 0.11498403549194336
Drone 3 1193.4000000000224 0.0 1.931868076324463
Drone 4 -51.20000000000012 260.0 0.03986716270446777
Drone 5 -11.400000000000006 290.0 0.0676114559173584
Sum 2 3 0 62.60000000002458 3130.0 18.656989097595215 6.014888723691304
Drone 0 -624.0 820.0 0.08069324493408203
Drone 1 956.6000000000053 0.0 17.183236598968506
Drone 2 -494.0000000000003 970.0 0.06508421897888184
Drone 3 1194.6000000000197 0.0 18.656989097595215
Drone 4 -123.60000000000014 300.0 0.04703545570373535
Drone 5 -846.9999999999999 1040.0 0.05629372596740723
Sum 2 3 1 -24680.6 27150.0 10.577143430709839 3.1578081051508584
Drone 0 -1534.6 1760.0 0.28745293617248535
Drone 1 -8158.799999999999 8850.0 7.188533067703247
Drone 2 -643.6000000000001 1120.0 0.5037791728973389
Drone 3 -13164.6 13770.0 10.577143430709839
Drone 4 -179.99999999999994 410.0 0.15014100074768066
Drone 5 -998.9999999999999 1240.0 0.23979902267456055
Sum 2 3 2 1513.2000000000198 2420.0 3.6707763671875 1.135543425877889
Drone 0 25.60000000000008 270.0 0.162489652633667
Drone 1 1177.0000000000016 40.0 2.363308906555176
Drone 2 -181.4 680.0 0.37415504455566406
Drone 3 780.2000000000182 650.0 3.6707763671875
Drone 4 28.800000000000004 200.0 0.11295056343078613
Drone 5 -317.00000000000017 580.0 0.12958002090454102
Sum 2 3 3 -23811.799999999996 26350.0 3887.8168139457703 729.8853736321131
Drone 0 -896.6 1160.0 0.22833538055419922
Drone 1 -8302.599999999999 8980.0 490.82455825805664
Drone 2 -2075.7999999999993 2450.0 0.26975035667419434
Drone 3 -11603.4 12350.0 3887.8168139457703
Drone 4 -160.60000000000002 390.0 0.05020022392272949
Drone 5 -772.8 1020.0 0.12258362770080566
Sum 2 3 4 -109.79999999998012 3420.0 1.1193811893463135 0.36736003557840985
Drone 0 115.40000000000003 160.0 0.09823250770568848
Drone 1 966.6000000000004 0.0 0.684039831161499
Drone 2 -1879.5999999999974 2250.0 0.18581438064575195
Drone 3 1231.400000000017 0.0 1.1193811893463135
Drone 4 -308.4000000000001 510.0 0.0507044792175293
Drone 5 -235.2 500.0 0.06598782539367676
Sum 3 1 0 -119.0999999999894 3320.0 94.51776027679443 25.530168771743774
Drone 0 -359.5999999999999 570.0 0.07181262969970703
Drone 1 984.4000000000011 0.0 58.20331311225891
Drone 2 -1422.0999999999995 1950.0 0.1920006275177002
Drone 3 831.8000000000086 0.0 94.51776027679443
Drone 4 -372.9999999999997 700.0 0.0935370922088623
Drone 5 219.39999999999998 100.0 0.10258889198303223
Sum 3 1 1 -21398.399999999998 24160.0 9.83005404472351 3.588880022366842
Drone 0 -372.00000000000006 670.0 0.3022732734680176
Drone 1 -9506.0 10120.0 8.857765436172485
Drone 2 -2302.099999999999 2850.0 1.3569824695587158
Drone 3 -6462.8 7130.0 9.83005404472351
Drone 4 -1742.3000000000002 2040.0 0.726050615310669
Drone 5 -1013.2000000000005 1350.0 0.46015429496765137
Sum 3 1 2 585.4000000000096 3280.0 3.470855474472046 1.4790220657984416
Drone 0 -83.80000000000007 380.0 0.1903400421142578
Drone 1 1233.799999999999 0.0 3.470855474472046
Drone 2 -752.799999999997 1360.0 1.147758960723877
Drone 3 901.6000000000066 120.0 3.2614264488220215
Drone 4 -787.3999999999991 1130.0 0.5271632671356201
Drone 5 73.9999999999999 290.0 0.27658820152282715
Sum 3 1 3 -23211.399999999998 25800.0 28.26288914680481 9.293513576189676
Drone 0 -680.6 940.0 0.16343235969543457
Drone 1 -8655.399999999994 9360.0 28.26288914680481
Drone 2 -4130.4000000000015 4530.0 0.23087096214294434
Drone 3 -6323.599999999999 7000.0 26.744877815246582
Drone 4 -2659.4000000000005 2890.0 0.12099242210388184
Drone 5 -762.0 1080.0 0.23801875114440918
Sum 3 1 4 -2818.69999999999 5930.0 1.3333196640014648 0.49819374084472656
Drone 0 -102.59999999999991 370.0 0.06675267219543457
Drone 1 975.6000000000026 0.0 1.3333196640014648
Drone 2 -3251.7 3660.0 0.12644147872924805
Drone 3 854.2000000000071 0.0 1.298253059387207
Drone 4 -1356.7999999999997 1630.0 0.08222579956054688
Drone 5 62.59999999999988 270.0 0.08216977119445801
Sum 3 2 0 -1234.099999999984 4330.0 31.439268350601196 7.653837402661641
Drone 0 -220.19999999999987 440.0 0.04584789276123047
Drone 1 984.4000000000059 0.0 14.066479682922363
Drone 2 -2265.699999999999 2730.0 0.21860766410827637
Drone 3 831.8000000000086 0.0 31.439268350601196
Drone 4 -756.5999999999997 1050.0 0.06533122062683105
Drone 5 192.2 110.0 0.08748960494995117
Sum 3 2 1 -21013.0 23800.0 6.097240447998047 2.282117486000061
Drone 0 -365.0000000000001 660.0 0.23141694068908691
Drone 1 -8913.8 9580.0 6.097240447998047
Drone 2 -2457.0999999999995 2990.0 1.0298230648040771
Drone 3 -6594.6 7250.0 5.545146703720093
Drone 4 -1708.3000000000002 2010.0 0.47875165939331055
Drone 5 -974.1999999999999 1310.0 0.31032609939575195
Sum 3 2 2 1034.0000000000111 2850.0 1.729853630065918 0.7438257932662964
Drone 0 82.19999999999996 220.0 0.1244206428527832
Drone 1 1213.6000000000013 0.0 1.729853630065918
Drone 2 -445.19999999999993 1090.0 0.5828032493591309
Drone 3 902.800000000009 130.0 1.5316920280456543
Drone 4 -795.7999999999992 1130.0 0.3115701675415039
Drone 5 76.39999999999982 280.0 0.18261504173278809
Sum 3 2 3 -23817.4 26340.0 11.163875818252563 3.3860357999801636
Drone 0 -811.8000000000001 1060.0 0.11147832870483398
Drone 1 -8688.2 9370.0 8.664387702941895
Drone 2 -4338.800000000001 4730.0 0.13947129249572754
Drone 3 -6552.2 7210.0 11.163875818252563
Drone 4 -2725.000000000001 2950.0 0.08952140808105469
Drone 5 -701.4 1020.0 0.14748024940490723
Sum 3 2 4 -2688.89999999999 5840.0 0.5937020778656006 0.2114565372467041
Drone 0 0.20000000000011653 280.0 0.04377341270446777
Drone 1 979.0000000000014 0.0 0.4146087169647217
Drone 2 -2680.4999999999986 3130.0 0.09903264045715332
Drone 3 862.0000000000066 0.0 0.5937020778656006
Drone 4 -1882.0 2140.0 0.05703568458557129
Drone 5 32.400000000000055 290.0 0.06058669090270996
Sum 3 3 0 -2267.1999999999834 5310.0 12.521192789077759 3.7861465215682983
Drone 0 -182.7999999999999 410.0 0.034749746322631836
Drone 1 984.4000000000063 0.0 12.521192789077759
Drone 2 -2375.799999999998 2810.0 0.12931108474731445
Drone 3 831.8000000000086 0.0 9.949530839920044
Drone 4 -925.2000000000005 1210.0 0.04080605506896973
Drone 5 -599.6000000000001 880.0 0.04128861427307129
Sum 3 3 1 -21215.399999999998 23990.0 4.479437589645386 1.695950984954834
Drone 0 -404.00000000000006 700.0 0.21497678756713867
Drone 1 -8704.2 9390.0 4.479437589645386
Drone 2 -2305.099999999999 2850.0 0.9262545108795166
Drone 3 -6705.2 7350.0 3.8036231994628906
Drone 4 -1804.1000000000004 2100.0 0.45948290824890137
Drone 5 -1292.8000000000002 1600.0 0.2919309139251709
Sum 3 3 2 -152.7999999999898 4000.0 1.8915588855743408 0.717497984568278
Drone 0 -142.79999999999995 430.0 0.15175962448120117
Drone 1 1059.2000000000023 200.0 1.8915588855743408
Drone 2 -502.00000000000045 1130.0 0.6616566181182861
Drone 3 733.4000000000079 280.0 1.1930291652679443
Drone 4 -1066.1999999999996 1390.0 0.2594614028930664
Drone 5 -234.39999999999995 570.0 0.1475222110748291
Sum 3 3 3 -24784.9 27250.0 6.643000364303589 2.124920686086019
Drone 0 -686.6 940.0 0.07771611213684082
Drone 1 -8837.0 9510.0 6.643000364303589
Drone 2 -4384.0 4770.0 0.14391064643859863
Drone 3 -6631.4 7280.0 5.710381031036377
Drone 4 -3037.9000000000005 3240.0 0.05862021446228027
Drone 5 -1207.9999999999998 1510.0 0.11589574813842773
Sum 3 3 4 -4444.399999999993 7480.0 0.4071638584136963 0.1548414627710978
Drone 0 -323.9999999999999 570.0 0.03739452362060547
Drone 1 995.0000000000005 0.0 0.4071638584136963
Drone 2 -3615.3999999999987 4000.0 0.0695352554321289
Drone 3 871.2000000000062 0.0 0.3245429992675781
Drone 4 -2064.8 2300.0 0.043235063552856445
Drone 5 -306.4000000000002 610.0 0.04717707633972168
