Sum 2 1 0 0 2889.3999999999987 350.0 2.7992300987243652 1.546162764231364
Drone 2 1 0 0 0; 341.79999999999984 350.0 1.1667194366455078
Tasks 2 1 0 0 0; FT; 27; 0 3; 150 3; 300 3; 450 3; 600 3; 750 3; 900 3; 1050 3; 1200 3; 
Tasks 2 1 0 0 0; FI; 30; 0 6; 300 6; 600 6; 900 6; 1200 6; 
Tasks 2 1 0 0 0; BM; 1597; 0 535; 600 531; 1200 531; 
Miss 2 1 0 0 0; 2 1 0 FT; 0; 150 0; 300 0; 450 0; 600 0; 750 0; 900 0; 1050 0; 1200 0; 
Miss 2 1 0 0 0; 2 1 0 FI; 0; 300 0; 600 0; 900 0; 1200 0; 
Miss 2 1 0 0 0; 2 1 0 BM; 35; 600 0; 1200 35; 
Reward 2 1 0 0 0; 77 2.4 0 0; 84 1.6 0 0; 89 1.6 0 0; 92 0.8 0 0; 103 0.8 0 0; 120 13.8 0 0; 131 13.2 0 0; 142 24.0 0 0; 155 18.0 0 0.0; 170 1.8 0 0; 190 12.0 0 0; 202 19.8 0 0; 213 18.0 0 0; 222 24.0 0 0; 229 4.8 0 0; 238 4.8 0 0; 257 18.0 0 0; 268 18.6 0 0; 279 24.0 0 0; 282 4.2 0 0; 295 24.0 0 0; 310 21.0 0 0.0; 368 1.8 0 0; 379 1.6 0 0; 384 1.6 0 0; 387 0.8 0 0; 398 0.8 0 0; 431 0 28.8 0; 440 0 7.2 0; 452 0.0 15.0 0.0; 484 52.8 0 0; 541 0 4.8 0; 587 7.8 0 0; 649 2.4 0 0.0; 657 1.6 0 0; 662 1.6 0 0; 665 0.8 0 0; 676 0.8 0 0; 693 13.2 0 0; 704 13.2 0 0; 715 22.2 0 0; 728 18.0 0 0; 737 12.0 0 0; 748 19.8 0 0; 759 18.0 0 0.0; 797 1.8 0 0; 830 0 24.0 0; 841 0 12.6 0; 850 0 14.4 0; 899 0 4.8 0; 919 67.8 0 0.0; 967 1.8 0 0; 978 1.6 0 0; 983 1.6 0 0; 986 0.8 0 0; 997 0.8 0 0; 1043 38.4 0 0; 1046 4.8 0 0; 1057 24.0 0 0.0; 1105 1.8 0 0; 1151 7.8 0 0; 1158 2.4 0 0; 1169 9.0 0 0; 1180 18.0 0 0; 1187 9.0 0 0; 1200 -311.6 0 350.0; 
Drone 2 1 0 0 1; 738.3999999999992 0.0 2.7992300987243652
Tasks 2 1 0 0 1; BM; 1230; 0 410; 600 410; 1200 410; 
Miss 2 1 0 0 1; 2 1 0 BM; 0; 600 0; 1200 0; 
Reward 2 1 0 0 1; 31 78.0 0 0; 58 78.0 0 0; 85 0 78.0 0; 94 0 12.0 0; 113 90.0 0 0; 122 5.0 0 0; 133 5.0 0 0; 144 5.0 0 0; 155 5.0 0 0; 166 0 5.0 0; 177 0 5.0 0; 188 0 5.0 0; 199 0 5.0 0; 230 25.0 0 0; 241 5.0 0 0; 252 5.0 0 0; 263 5.0 0 0; 274 5.0 0 0; 285 5.0 0 0; 296 5.0 0 0; 307 5.0 0 0; 313 0.8 0 0; 318 0.8 0 0; 323 0.8 0 0; 328 0.8 0 0; 333 0.8 0 0; 338 0.8 0 0; 343 0.8 0 0; 348 0.8 0 0; 353 0.8 0 0; 358 0.8 0 0; 363 0.8 0 0; 368 0.8 0 0; 373 0.8 0 0; 378 0.8 0 0; 383 0.8 0 0; 388 0.8 0 0; 393 0.8 0 0; 398 0.8 0 0; 403 0.8 0 0; 408 0.8 0 0; 413 0.8 0 0; 418 0.8 0 0; 423 0.8 0 0; 428 0.8 0 0; 433 0.8 0 0; 438 0 0.8 0; 443 0 0.8 0; 448 0 0.8 0; 453 0 0.8 0; 458 0 0.8 0; 463 0 0.8 0; 468 0 0.8 0; 473 0 0.8 0; 478 0 0.8 0; 483 0 0.8 0; 488 0 0.8 0; 493 0 0.8 0; 498 0 0.8 0; 503 0 0.8 0; 508 0 0.8 0; 513 0 0.8 0; 518 0 0.8 0; 523 0 0.8 0; 528 0 0.8 0; 533 0 0.8 0; 542 0 0.8 0; 547 17.6 0 0; 601 20.0 0 0.0; 620 63.0 0 0; 647 78.0 0 0; 674 0 78.0 0; 683 0 12.0 0; 703 90.0 0 0; 711 5.0 0 0; 722 5.0 0 0; 733 5.0 0 0; 744 5.0 0 0; 755 0 5.0 0; 766 0 5.0 0; 777 0 5.0 0; 788 0 5.0 0; 819 25.0 0 0; 830 5.0 0 0; 841 5.0 0 0; 852 5.0 0 0; 868 5.0 0 0; 879 5.0 0 0; 890 5.0 0 0; 896 0.8 0 0; 901 0.8 0 0; 906 0.8 0 0; 911 0.8 0 0; 916 0.8 0 0; 921 0.8 0 0; 926 0.8 0 0; 931 0.8 0 0; 936 0.8 0 0; 941 0.8 0 0; 946 0.8 0 0; 951 0.8 0 0; 956 0.8 0 0; 961 0.8 0 0; 966 0.8 0 0; 971 0.8 0 0; 976 0.8 0 0; 981 0.8 0 0; 986 0.8 0 0; 991 0.8 0 0; 996 0.8 0 0; 1001 0.8 0 0; 1006 0.8 0 0; 1011 0.8 0 0; 1016 0.8 0 0; 1021 0 0.8 0; 1026 0 0.8 0; 1031 0 0.8 0; 1036 0 0.8 0; 1041 0 0.8 0; 1046 0 0.8 0; 1051 0 0.8 0; 1056 0 0.8 0; 1061 0 0.8 0; 1066 0 0.8 0; 1071 0 0.8 0; 1076 0 0.8 0; 1081 0 0.8 0; 1086 0 0.8 0; 1091 0 0.8 0; 1096 0 0.8 0; 1101 0 0.8 0; 1106 0 0.8 0; 1111 0 0.8 0; 1116 0 0.8 0; 1125 0 0.8 0; 1130 17.6 0 0; 1135 0.8 0 0; 1140 0 0.8 0; 1150 0 0.8 0; 1155 0 0.8 0; 1160 0 0.8 0; 1165 0 0.8 0; 1170 0 0.8 0; 1183 0 0.8 0; 1196 6.4 0 0; 1200 4.0 0 0.0; 
Drone 2 1 0 0 2; 513.2000000000004 0.0 1.6363494396209717
Tasks 2 1 0 0 2; FT; 125; 0 8; 150 8; 300 11; 450 11; 600 12; 750 16; 900 19; 1050 20; 1200 20; 
Tasks 2 1 0 0 2; BM; 828; 0 288; 600 270; 1200 270; 
Miss 2 1 0 0 2; 2 1 0 FT; 0; 150 0; 300 0; 450 0; 600 0; 750 0; 900 0; 1050 0; 1200 0; 
Miss 2 1 0 0 2; 2 1 0 BM; 0; 600 0; 1200 0; 
Reward 2 1 0 0 2; 82 8.8 0 0; 97 34.2 0 0; 110 15.0 0 0; 121 0 6.0 0; 133 28.2 0 0; 148 0 15.0 0; 159 0.0 18.0 0.0; 180 34.2 0 0; 185 3.6 0 0; 202 15.0 0 0; 215 24.0 0 0; 230 21.0 0 0; 261 1.6 0 0; 266 0.75 0 0; 269 0.4 0 0; 274 0.4 0 0; 279 0.35 0 0; 286 1.8 0 0; 293 1.8 0 0; 303 5.5 0 0.0; 312 3.6 0 0; 316 0.8 0 0; 325 1.4 0 0; 328 0.3 0 0; 333 0.4 0 0; 338 0.4 0 0; 349 1.5 0 0; 356 1.8 0 0; 363 1.8 0 0; 370 1.8 0 0; 377 1.8 0 0; 384 1.8 0 0; 391 1.8 0 0; 398 1.8 0 0; 405 1.8 0 0; 412 1.8 0 0; 419 0 1.8 0; 426 0 1.8 0; 433 5.4 0 0; 455 6.4 0 0.0; 460 2.4 0 0; 466 0.8 0 0; 469 0.4 0 0; 474 0.4 0 0; 483 0.4 0 0; 493 0.2 0 0; 509 1.8 0 0; 516 1.8 0 0; 523 1.8 0 0; 530 1.8 0 0; 537 1.8 0 0; 544 1.8 0 0; 600 0.0 18.0 0.0; 621 27.6 0 0; 626 4.8 0 0; 639 24.0 0 0; 651 0 6.0 0; 662 16.8 0 0; 674 18.0 0 0; 701 15.0 0 0; 714 24.0 0 0; 729 21.0 0 0; 775 0.0 18.0 0.0; 796 21.6 0 0; 801 4.8 0 0; 804 1.2 0 0; 808 2.4 0 0; 813 0.8 0 0; 819 0.8 0 0; 824 0.8 0 0; 829 0.4 0 0; 834 0.4 0 0; 839 0.4 0 0; 845 0.5 0 0; 852 0.2 0 0; 858 1.6 0 0; 865 1.8 0 0; 872 1.8 0 0; 879 1.8 0 0; 886 1.8 0 0; 901 11.2 0 0.0; 906 4.0 0 0; 912 0.8 0 0; 917 0.8 0 0; 920 0.4 0 0; 925 0.4 0 0; 931 0.6 0 0; 936 0.4 0 0; 944 0.4 0 0; 949 1.5 0 0; 962 1.8 0 0; 969 0 1.8 0; 976 0 1.8 0; 983 5.4 0 0; 988 1.2 0 0; 994 0 1.2 0; 997 0 0.4 0; 1002 0 0.4 0; 1015 0 1.2 0; 1020 0 1.2 0; 1025 5.2 0 0; 1043 1.8 0 0; 1053 12.0 0 0.0; 1059 4.0 0 0; 1064 0.8 0 0; 1069 0.8 0 0; 1072 0.4 0 0; 1077 0.4 0 0; 1084 0.6 0 0; 1089 0.4 0 0; 1097 0.4 0 0; 1102 0.2 0 0; 1114 1.8 0 0; 1121 1.8 0 0; 1126 0.8 0 0; 1131 0.8 0 0; 1138 0.8 0 0; 1145 0.8 0 0; 1155 0.8 0 0; 1160 0.6 0 0; 1165 0.4 0 0; 1170 0.4 0 0; 1175 0.6 0 0; 1180 0.6 0 0; 1185 0.6 0 0; 1190 0.6 0 0; 1195 0.6 0 0; 1198 0.2 0 0; 1200 2.4 0 0.0; 
Drone 2 1 0 0 3; 686.4000000000001 0.0 2.3907289505004883
Tasks 2 1 0 0 3; BM; 1293; 0 431; 600 431; 1200 431; 
Miss 2 1 0 0 3; 2 1 0 BM; 0; 600 0; 1200 0; 
Reward 2 1 0 0 3; 72 0 30.0 0; 104 0 66.0 0; 159 0 92.4 0; 162 0 7.8 0; 171 0 9.6 0; 190 0 52.8 0; 250 258.6 0 0; 275 5.0 0 0; 286 0 5.0 0; 307 0 5.0 0; 318 0 5.0 0; 329 0 5.0 0; 340 0 5.0 0; 346 0 0.8 0; 351 0 0.8 0; 356 0 0.8 0; 361 0 0.8 0; 366 0 0.8 0; 371 0 0.8 0; 376 0 0.8 0; 381 0 0.8 0; 386 0 0.8 0; 391 0 0.8 0; 396 0 0.8 0; 401 0 0.8 0; 406 0 0.8 0; 411 0 0.8 0; 416 0 0.8 0; 421 0 0.8 0; 426 0 0.8 0; 431 0 0.8 0; 436 0 0.8 0; 441 0 0.8 0; 446 0 0.8 0; 451 0 0.8 0; 456 0 0.8 0; 461 0 0.8 0; 516 0 5.0 0; 527 0 5.0 0; 538 0 5.0 0; 549 0 5.0 0; 560 0 5.0 0; 571 0 5.0 0; 598 74.2 0 0; 641 0.0 92.4 0.0; 644 0 7.8 0; 653 0 9.6 0; 672 0 52.8 0; 730 0 30.0 0; 763 0 66.0 0; 801 258.6 0 0; 810 5.0 0 0; 821 0 5.0 0; 842 0 5.0 0; 853 0 5.0 0; 864 0 5.0 0; 875 0 5.0 0; 881 0 0.8 0; 886 0 0.8 0; 891 0 0.8 0; 896 0 0.8 0; 901 0 0.8 0; 906 0 0.8 0; 911 0 0.8 0; 916 0 0.8 0; 921 0 0.8 0; 926 0 0.8 0; 931 0 0.8 0; 936 0 0.8 0; 941 0 0.8 0; 946 0 0.8 0; 951 0 0.8 0; 956 0 0.8 0; 961 0 0.8 0; 966 0 0.8 0; 971 0 0.8 0; 976 0 0.8 0; 981 0 0.8 0; 986 0 0.8 0; 991 0 0.8 0; 996 0 0.8 0; 1051 0 5.0 0; 1062 0 5.0 0; 1073 0 5.0 0; 1084 0 5.0 0; 1095 0 5.0 0; 1106 0 5.0 0; 1130 0 5.0 0; 1141 0 5.0 0; 1163 0 0.8 0; 1199 85.0 0 0; 
Drone 2 1 0 0 4; 5.0 0.0 0.02075815200805664
Tasks 2 1 0 0 4; FT; 8; 0 0; 150 0; 300 0; 450 0; 600 0; 750 0; 900 2; 1050 3; 1200 3; 
Miss 2 1 0 0 4; 2 1 0 FT; 0; 150 0; 300 0; 450 0; 600 0; 750 0; 900 0; 1050 0; 1200 0; 
Reward 2 1 0 0 4; 970 0 2.0 0; 973 0 1.0 0; 984 2.0 0 0; 1050 0.0 1.8 0.0; 1066 1.8 0 0; 1080 0 0.8 0; 1083 0 0.4 0; 1094 1.2 0 0; 
Drone 2 1 0 0 5; 604.5999999999993 0.0 1.263190507888794
Tasks 2 1 0 0 5; FT; 125; 0 6; 150 10; 300 11; 450 11; 600 14; 750 15; 900 18; 1050 20; 1200 20; 
Tasks 2 1 0 0 5; BM; 1200; 0 400; 600 400; 1200 400; 
Miss 2 1 0 0 5; 2 1 0 FT; 0; 150 0; 300 0; 450 0; 600 0; 750 0; 900 0; 1050 0; 1200 0; 
Miss 2 1 0 0 5; 2 1 0 BM; 0; 600 0; 1200 0; 
Reward 2 1 0 0 5; 74 3.0 0 0; 77 0.6 0 0; 89 4.8 0 0; 103 13.2 0 0; 114 15.0 0 0; 123 19.2 0 0; 136 26.4 0 0; 145 3.0 0 0; 170 38.4 0 0.0; 208 4.8 0 0; 211 1.2 0 0; 233 23.4 0 0; 244 9.6 0 0; 261 38.4 0 0; 272 9.6 0 0; 293 24.0 0 0; 357 15.0 0 0.0; 383 6.6 0 0; 388 1.4 0 0; 395 1.2 0 0; 400 0.8 0 0; 409 0.6 0 0; 414 0.4 0 0; 432 1.8 0 0; 439 1.8 0 0; 446 1.8 0 0; 453 1.8 0 0.0; 487 5.4 0 0; 490 1.2 0 0; 