Sum 1 1 0 2786.3000000000015 0.0 72.23536109924316 21.081635038057964
Drone 0 715.8999999999985 0.0 2.1899399757385254
Drone 1 692.8000000000033 0.0 47.37110471725464
Drone 2 274.6 0.0 0.8672323226928711
Drone 3 798.4000000000003 0.0 72.23536109924316
Drone 4 159.40000000000003 0.0 3.6076254844665527
Drone 5 145.20000000000002 0.0 0.21854662895202637
Sum 1 1 1 -14874.500000000004 17480.0 16.26986837387085 6.485912124315898
Drone 0 -4685.100000000001 5260.0 16.26986837387085
Drone 1 -4923.0 5510.0 8.748487949371338
Drone 2 157.40000000000003 180.0 1.2016167640686035
Drone 3 -5593.6 6280.0 11.052560329437256
Drone 4 201.99999999999994 30.0 1.233264446258545
Drone 5 -32.20000000000003 220.0 0.40967488288879395
Sum 1 1 2 3130.0000000000114 370.0 6.092239141464233 2.390715718269348
Drone 0 759.1999999999974 80.0 6.092239141464233
Drone 1 918.4000000000075 0.0 3.3454325199127197
Drone 2 232.00000000000003 90.0 0.39307522773742676
Drone 3 829.6000000000064 170.0 3.5800983905792236
Drone 4 218.60000000000022 10.0 0.6213746070861816
Drone 5 172.2 20.0 0.3120744228363037
Sum 1 1 3 -13001.349999999999 15590.0 28.844568014144897 11.516339262326559
Drone 0 -3232.25 3840.0 19.004668474197388
Drone 1 -4913.2 5500.0 20.35338544845581
Drone 2 252.60000000000005 70.0 0.2851884365081787
Drone 3 -5498.2 6180.0 28.844568014144897
Drone 4 213.99999999999994 0.0 0.4685781002044678
Drone 5 175.70000000000002 0.0 0.1416471004486084
Sum 1 1 4 2824.1000000000067 0.0 2.068927049636841 0.6733680566151937
Drone 0 717.0999999999996 0.0 2.068927049636841
Drone 1 706.8000000000017 0.0 0.625809907913208
Drone 2 287.20000000000005 0.0 0.06792712211608887
Drone 3 791.6000000000054 0.0 1.1521263122558594
Drone 4 160.00000000000009 0.0 0.08329892158508301
Drone 5 161.40000000000003 0.0 0.04211902618408203
Sum 1 2 0 2769.700000000001 10.0 67.88646984100342 17.469546635945637
Drone 0 704.8999999999987 10.0 1.9417381286621094
Drone 1 692.8000000000033 0.0 31.033966302871704
Drone 2 274.6 0.0 0.8394081592559814
Drone 3 792.7999999999995 0.0 67.88646984100342
Drone 4 159.40000000000006 0.0 2.902730703353882
Drone 5 145.20000000000002 0.0 0.2129666805267334
Sum 1 2 1 -15296.799999999994 17870.0 15.7799072265625 7.060516794522603
Drone 0 -4722.199999999995 5300.0 14.057662963867188
Drone 1 -5308.2 5860.0 8.454365253448486
Drone 2 146.0 190.0 1.5032057762145996
Drone 3 -5582.6 6270.0 15.7799072265625
Drone 4 201.99999999999994 30.0 2.0011863708496094
Drone 5 -31.800000000000026 220.0 0.5667731761932373
Sum 1 2 2 3130.600000000012 340.0 6.553123474121094 2.7866498231887817
Drone 0 601.7999999999989 230.0 6.553123474121094
Drone 1 918.0000000000075 0.0 3.9937188625335693
Drone 2 255.8000000000003 70.0 0.7618606090545654
Drone 3 978.2000000000052 0.0 4.496547698974609
Drone 4 215.1000000000002 10.0 0.6018307209014893
Drone 5 161.70000000000005 30.0 0.3128175735473633
Sum 1 2 3 -12418.75 15060.0 23.912399768829346 8.918994386990866
Drone 0 -3050.250000000001 3690.0 13.942622184753418
Drone 1 -5177.0 5740.0 14.875528573989868
Drone 2 250.7 70.0 0.25104284286499023
Drone 3 -4847.8 5560.0 23.912399768829346
Drone 4 216.2 0.0 0.38738179206848145
Drone 5 189.40000000000006 0.0 0.14499115943908691
Sum 1 2 4 2784.1000000000076 10.0 1.3321058750152588 0.5954614082972208
Drone 0 713.0999999999992 0.0 1.2920043468475342
Drone 1 682.800000000003 0.0 0.6703126430511475
Drone 2 277.99999999999994 10.0 0.12086129188537598
Drone 3 789.6000000000054 0.0 1.3321058750152588
Drone 4 160.00000000000009 0.0 0.09244966506958008
Drone 5 160.60000000000002 0.0 0.06503462791442871
Sum 1 3 0 2750.700000000009 40.0 22.349538326263428 7.467835148175557
Drone 0 683.8999999999991 30.0 2.097490072250366
Drone 1 692.8000000000033 0.0 17.8724946975708
Drone 2 285.6 10.0 0.568800687789917
Drone 3 792.8000000000061 0.0 22.349538326263428
Drone 4 157.80000000000007 0.0 1.8351242542266846
Drone 5 137.8 0.0 0.08356285095214844
Sum 1 3 1 -15208.799999999997 17790.0 13.03240442276001 5.293582518895467
Drone 0 -4858.799999999998 5430.0 13.03240442276001
Drone 1 -5420.6 5960.0 5.195979118347168
Drone 2 169.00000000000003 170.0 0.9989151954650879
Drone 3 -5329.799999999999 6040.0 10.560312986373901
Drone 4 200.99999999999991 30.0 1.338102102279663
Drone 5 30.399999999999995 160.0 0.6357812881469727
Sum 1 3 2 2750.700000000013 740.0 14516.22974205017 2421.4195412397385
Drone 0 517.899999999998 320.0 5.0671069622039795
Drone 1 920.4000000000074 0.0 3.297619581222534
Drone 2 237.20000000000013 90.0 0.5514752864837646
Drone 3 711.2000000000071 290.0 3.0920631885528564
Drone 4 192.20000000000033 30.0 14516.22974205017
Drone 5 171.8 10.0 0.27924036979675293
Sum 1 3 3 -13410.550000000001 16030.0 15.259066343307495 5.936227321624756
Drone 0 -3725.450000000002 4330.0 11.932050943374634
Drone 1 -5117.2 5680.0 7.614436864852905
Drone 2 211.3 130.0 0.23574161529541016
Drone 3 -5166.599999999999 5890.0 15.259066343307495
Drone 4 209.0 0.0 0.44227004051208496
Drone 5 178.4 0.0 0.13379812240600586
Sum 1 3 4 2776.450000000007 80.0 0.9752767086029053 0.3986250162124634
Drone 0 717.25 0.0 0.9752767086029053
Drone 1 719.6000000000009 0.0 0.4703636169433594
Drone 2 214.4 80.0 0.06017184257507324
Drone 3 812.0000000000059 0.0 0.7793173789978027
Drone 4 156.80000000000004 0.0 0.07024288177490234
Drone 5 156.39999999999998 0.0 0.036377668380737305
Sum 2 1 0 2780.300000000008 0.0 121.0260374546051 29.709006746610005
Drone 0 676.2999999999971 0.0 2.231013298034668
Drone 1 698.8000000000035 0.0 47.71493053436279
Drone 2 214.6 0.0 1.072251796722412
Drone 3 884.000000000007 0.0 121.0260374546051
Drone 4 221.20000000000016 0.0 6.08323335647583
Drone 5 85.39999999999999 0.0 0.12657403945922852
Sum 2 1 1 -14421.499999999993 17070.0 18.615090370178223 7.799875378608704
Drone 0 -3759.1999999999994 4350.0 15.480496168136597
Drone 1 -4550.399999999994 5180.0 9.663199424743652
Drone 2 255.39999999999995 10.0 0.7739696502685547
Drone 3 -6770.2 7490.0 18.615090370178223
Drone 4 282.69999999999993 40.0 2.1929008960723877
Drone 5 120.20000000000003 0.0 0.07359576225280762
Sum 2 1 2 2966.900000000008 530.0 5.401783466339111 2.6822208960851035
Drone 0 683.2999999999967 110.0 5.401783466339111
Drone 1 934.0000000000063 0.0 3.995985984802246
Drone 2 261.20000000000005 0.0 0.24577069282531738
Drone 3 682.4000000000051 400.0 4.991872310638428
Drone 4 301.0000000000001 10.0 1.382491111755371
Drone 5 105.00000000000001 10.0 0.07542181015014648
Sum 2 1 3 -13619.3 16170.0 57.93703365325928 17.751076738039654
Drone 0 -3119.4000000000005 3680.0 22.57383632659912
Drone 1 -4333.2 4980.0 24.5406277179718
Drone 2 253.79999999999995 0.0 0.2532320022583008
Drone 3 -6801.0 7510.0 57.93703365325928
Drone 4 285.3000000000001 0.0 1.1227471828460693
Drone 5 95.19999999999997 0.0 0.07898354530334473
Sum 2 1 4 2836.600000000008 0.0 2.1949262619018555 0.9598737160364786
Drone 0 696.0999999999992 0.0 2.1949262619018555
Drone 1 688.8000000000033 0.0 1.2043836116790771
Drone 2 228.8 0.0 0.11398124694824219
Drone 3 897.8000000000053 0.0 2.0485291481018066
Drone 4 222.10000000000022 0.0 0.17418885231018066
Drone 5 103.0 0.0 0.02323317527770996
Sum 2 2 0 2769.050000000008 10.0 55.572556257247925 13.928146998087565
Drone 0 665.0499999999981 10.0 1.901841640472412
Drone 1 698.8000000000035 0.0 20.755122184753418
Drone 2 214.6 0.0 0.6513824462890625
Drone 3 884.000000000006 0.0 55.572556257247925
Drone 4 221.20000000000016 0.0 4.523381948471069
Drone 5 85.39999999999999 0.0 0.1645975112915039
Sum 2 2 1 -14082.9 16770.0 16.656344890594482 6.390633185704549
Drone 0 -3766.8999999999987 4370.0 11.200475454330444
Drone 1 -4805.6 5410.0 7.992031574249268
Drone 2 266.39999999999986 0.0 0.9635004997253418
Drone 3 -6179.4 6950.0 16.656344890594482
Drone 4 282.39999999999986 40.0 1.4323761463165283
Drone 5 120.2 0.0 0.09907054901123047
Sum 2 2 2 3079.1000000000045 430.0 6.723174810409546 2.5622849067052207
Drone 0 624.999999999999 170.0 6.723174810409546
Drone 1 928.0000000000064 0.0 3.2001802921295166
Drone 2 262.4000000000001 0.0 0.26810765266418457
Drone 3 857.7999999999986 240.0 4.263683080673218
Drone 4 300.90000000000015 10.0 0.8366460800170898
Drone 5 105.00000000000003 10.0 0.08191752433776855
Sum 2 2 3 -14083.900000000001 16650.0 26.113492488861084 8.335567951202393
Drone 0 -3275.900000000001 3860.0 14.627251863479614
Drone 1 -4849.6 5450.0 8.318488121032715
Drone 2 258.6 0.0 0.07808566093444824
Drone 3 -6610.6 7340.0 26.113492488861084
Drone 4 290.59999999999997 0.0 0.8150126934051514
Drone 5 103.0 0.0 0.06107687950134277
Sum 2 2 4 2846.900000000002 0.0 1.6368510723114014 0.5596191088358561
Drone 0 686.2999999999979 0.0 1.6368510723114014
Drone 1 710.000000000002 0.0 0.2891383171081543
Drone 2 230.40000000000003 0.0 0.0407562255859375
Drone 3 896.0000000000018 0.0 1.1971256732940674
Drone 4 222.40000000000023 0.0 0.15084099769592285
Drone 5 101.80000000000003 0.0 0.04300236701965332
Sum 2 3 0 2739.9000000000055 50.0 34.71238613128662 9.490666190783182
Drone 0 620.6499999999968 50.0 1.7476961612701416
Drone 1 698.8000000000035 0.0 15.036278009414673
Drone 2 238.20000000000005 0.0 0.7364916801452637
Drone 3 884.000000000005 0.0 34.71238613128662
Drone 4 219.45000000000022 0.0 4.501968860626221
Drone 5 78.8 0.0 0.20917630195617676
Sum 2 3 1 -14656.800000000001 17290.0 15.208491325378418 6.7426997423172
Drone 0 -3971.5 4550.0 12.387887716293335
Drone 1 -4795.6 5400.0 9.630360126495361
Drone 2 266.3999999999999 0.0 1.4513273239135742
Drone 3 -6526.2 7270.0 15.208491325378418
Drone 4 249.90000000000003 70.0 1.6905226707458496
Drone 5 120.20000000000002 0.0 0.08760929107666016
Sum 2 3 2 3007.300000000011 390.0 5.175675868988037 1.9686030546824138
Drone 0 684.9999999999975 120.0 5.175675868988037
Drone 1 931.2000000000035 0.0 3.5209856033325195
Drone 2 260.4 0.0 0.34943461418151855
Drone 3 770.00000000001 220.0 2.0545902252197266
Drone 4 263.3000000000001 40.0 0.6486752033233643
Drone 5 97.40000000000003 10.0 0.062256813049316406
Sum 2 3 3 -14565.15 17120.0 16.82337522506714 6.093074798583984
Drone 0 -3946.1499999999996 4490.0 9.712681531906128
Drone 1 -4828.4 5430.0 9.09525728225708
Drone 2 265.9999999999999 0.0 0.13599085807800293
Drone 3 -6454.799999999999 7200.0 16.82337522506714
Drone 4 300.79999999999995 0.0 0.7465040683746338
Drone 5 97.39999999999998 0.0 0.04463982582092285
Sum 2 3 4 2741.1500000000115 70.0 1.1200356483459473 0.45192333062489826
Drone 0 600.1499999999988 70.0 1.1200356483459473
Drone 1 698.8000000000027 0.0 0.4617300033569336
Drone 2 240.20000000000002 0.0 0.07496166229248047
Drone 3 880.8000000000101 0.0 0.964139461517334
Drone 4 219.00000000000014 0.0 0.07059812545776367
Drone 5 102.20000000000003 0.0 0.020075082778930664
Sum 3 1 0 1569.45 1170.0 86.45984125137329 18.191247820854187
Drone 0 -816.9999999999998 1130.0 0.25036096572875977
Drone 1 476.59999999999695 0.0 9.444843053817749
Drone 2 346.0 0.0 0.7792327404022217
Drone 3 676.0000000000025 0.0 86.45984125137329
Drone 4 410.3500000000002 20.0 11.061953067779541
Drone 5 477.5000000000003 20.0 1.1512558460235596
Sum 3 1 1 -11725.150000000001 14560.0 7.66233229637146 5.142318646113078
Drone 0 -680.7999999999998 1100.0 3.8591485023498535
Drone 1 -2643.0 3120.0 4.532349348068237
Drone 2 -447.39999999999986 840.0 2.7007253170013428
Drone 3 -3552.0 4240.0 7.403419256210327
Drone 4 -2088.25 2490.0 4.695937156677246
Drone 5 -2313.7000000000007 2770.0 7.66233229637146
Sum 3 1 2 2975.5000000000073 510.0 3.017829179763794 1.9817283153533936
Drone 0 205.60000000000034 240.0 1.606356143951416
Drone 1 628.4000000000041 0.0 1.524052381515503
Drone 2 279.6000000000001 130.0 1.5403268337249756
Drone 3 891.2000000000014 0.0 2.3566410541534424
Drone 4 479.0000000000009 40.0 1.8451642990112305
Drone 5 491.7000000000006 100.0 3.017829179763794
Sum 3 1 3 -10005.2 12810.0 22.04513144493103 7.790637572606404
Drone 0 -2291.7999999999997 2560.0 1.1583209037780762
Drone 1 -2379.0 2880.0 7.941442251205444
Drone 2 -656.0000000000002 1010.0 0.5272800922393799
Drone 3 -3389.600000000001 4100.0 22.04513144493103
Drone 4 -366.10000000000014 840.0 5.17671012878418
Drone 5 -922.7000000000008 1420.0 9.894940614700317
Sum 3 1 4 2471.000000000001 380.0 1.0003302097320557 0.4990640878677368
Drone 0 -15.999999999999725 380.0 0.19409584999084473
Drone 1 496.1999999999989 0.0 0.5043668746948242
Drone 2 367.6000000000001 0.0 0.18708252906799316
Drone 3 697.2000000000007 0.0 0.6692788600921631
Drone 4 427.1500000000003 0.0 0.43923020362854004
Drone 5 498.8500000000004 0.0 1.0003302097320557
Sum 3 2 0 2465.6500000000005 320.0 44.996450424194336 9.230318903923035
Drone 0 79.19999999999975 280.0 0.27077770233154297
Drone 1 476.59999999999695 0.0 3.5300848484039307
Drone 2 324.4000000000001 20.0 0.5384304523468018
Drone 3 676.0000000000025 0.0 44.996450424194336
Drone 4 431.95000000000044 0.0 4.917668104171753
Drone 5 477.50000000000045 20.0 1.1285018920898438
Sum 3 2 1 -11143.7 14060.0 8.00253677368164 4.487878243128459
Drone 0 -570.8000000000002 1000.0 2.545961618423462
Drone 1 -2599.0 3080.0 3.1604981422424316
Drone 2 -253.69999999999953 680.0 1.7986643314361572
Drone 3 -3234.0 3950.0 8.00253677368164
Drone 4 -1999.7000000000003 2410.0 4.347379446029663
Drone 5 -2486.4999999999995 2940.0 7.0722291469573975
Sum 3 2 2 2705.3000000000047 760.0 3.070772647857666 1.9507153034210205
Drone 0 -13.400000000000079 450.0 1.7051572799682617
Drone 1 617.200000000003 20.0 1.4045848846435547
Drone 2 323.60000000000014 90.0 1.0638747215270996
Drone 3 786.4000000000003 80.0 3.070772647857666
Drone 4 463.10000000000093 50.0 1.5270397663116455
Drone 5 528.4000000000008 70.0 2.9328625202178955
Sum 3 2 3 -10737.300000000005 13560.0 11.674768209457397 4.219871362050374
Drone 0 -2430.0000000000014 2700.0 1.02528715133667
Drone 1 -2247.0 2760.0 4.853296995162964
Drone 2 -824.6000000000001 1170.0 0.4944453239440918
Drone 3 -3025.0 3760.0 11.674768209457397
Drone 4 -733.6000000000004 1200.0 2.564392566680908
Drone 5 -1477.1000000000017 1970.0 4.707037925720215
Sum 3 2 4 2452.0000000000005 390.0 0.47461771965026855 0.2726585467656453
Drone 0 -25.599999999999792 390.0 0.13317346572875977
Drone 1 492.99999999999864 0.0 0.21379327774047852
Drone 2 358.2 0.0 0.16094613075256348
Drone 3 689.2000000000012 0.0 0.47461771965026855
Drone 4 427.1500000000004 0.0 0.2237567901611328
Drone 5 510.05000000000024 0.0 0.42966389656066895
Sum 3 3 0 1546.749999999997 1170.0 18.4205482006073 4.378468116124471
Drone 0 -388.39999999999986 710.0 0.12408161163330078
Drone 1 476.59999999999695 0.0 3.5533416271209717
Drone 2 -20.600000000000026 350.0 0.48854732513427734
Drone 3 675.9999999999992 0.0 18.4205482006073
Drone 4 410.9000000000005 20.0 2.714665174484253
Drone 5 392.2500000000003 90.0 0.9696247577667236
Sum 3 3 1 -11165.9 14060.0 5.096429824829102 3.3628913958867392
Drone 0 -564.6999999999997 1000.0 2.351330280303955
Drone 1 -2148.0 2670.0 2.711148500442505
Drone 2 -175.2999999999999 590.0 1.7317347526550293
Drone 3 -3937.0 4590.0 5.096429824829102
Drone 4 -2219.0 2610.0 3.406533718109131
Drone 5 -2121.9 2600.0 4.880171298980713
Sum 3 3 2 2265.9000000000037 1120.0 1.8678498268127441 1.2068368991216023
Drone 0 -55.799999999999926 460.0 0.7363677024841309
Drone 1 624.4000000000035 10.0 1.104935884475708
Drone 2 -10.39999999999977 400.0 0.8898870944976807
Drone 3 819.1999999999987 40.0 1.3423311710357666
Drone 4 455.10000000000076 60.0 1.299649715423584
Drone 5 433.4000000000006 150.0 1.8678498268127441
Sum 3 3 3 -11655.700000000003 14390.0 6.906374454498291 2.7528956731160483
Drone 0 -2744.4 2980.0 0.3544607162475586
Drone 1 -2159.8 2680.0 3.1242058277130127
Drone 2 -526.9999999999999 900.0 0.44064950942993164
Drone 3 -3454.3999999999996 4140.0 6.906374454498291
Drone 4 -942.9500000000003 1400.0 2.255035161972046
Drone 5 -1827.1500000000008 2290.0 3.436648368835449
Sum 3 3 4 1644.6999999999964 1250.0 0.5592169761657715 0.2890412410100301
Drone 0 -908.0000000000002 1210.0 0.14222407341003418
Drone 1 487.39999999999816 0.0 0.18132829666137695
Drone 2 350.3999999999999 30.0 0.14596772193908691
Drone 3 787.9999999999978 10.0 0.5592169761657715
Drone 4 432.8500000000004 0.0 0.3847949504852295
Drone 5 494.05000000000035 0.0 0.32071542739868164
