Sum 1 1 0 2296.6999999999975 310.0 73.59081888198853 16.871960798899334
Drone 0 55.39999999999999 0.0 0.1856532096862793
Drone 1 442.3999999999979 0.0 17.808339834213257
Drone 2 477.0000000000004 290.0 2.8673250675201416
Drone 3 592.399999999999 0.0 73.59081888198853
Drone 4 70.8 0.0 0.6508562564849854
Drone 5 658.7000000000004 20.0 6.128771543502808
Sum 1 1 1 -13502.899999999994 16040.0 19.102640867233276 8.129963755607605
Drone 0 74.99999999999999 0.0 0.6185662746429443
Drone 1 -333.99999999999955 960.0 4.038187265396118
Drone 2 -5113.199999999997 5740.0 19.102640867233276
Drone 3 -2637.8 3290.0 8.14619493484497
Drone 4 34.800000000000004 60.0 0.9607875347137451
Drone 5 -5527.699999999997 5990.0 15.913405656814575
Sum 1 1 2 2643.999999999997 450.0 4.2841269969940186 2.3400679429372153
Drone 0 74.99999999999999 0.0 0.49176573753356934
Drone 1 633.5999999999965 0.0 2.4041998386383057
Drone 2 557.2000000000002 230.0 4.2166242599487305
Drone 3 700.0000000000003 70.0 2.417044162750244
Drone 4 47.40000000000007 50.0 0.22664666175842285
Drone 5 630.7999999999998 100.0 4.2841269969940186
Sum 1 1 3 -11639.499999999996 14170.0 25.482441663742065 12.481608470280966
Drone 0 67.70000000000002 0.0 0.05048084259033203
Drone 1 99.20000000000056 560.0 5.686030387878418
Drone 2 -7472.6 7880.0 23.644641876220703
Drone 3 -2259.2 2940.0 19.953240394592285
Drone 4 86.20000000000002 0.0 0.0728156566619873
Drone 5 -2160.7999999999984 2790.0 25.482441663742065
Sum 1 1 4 2053.1999999999985 570.0 3.076727867126465 1.2421789566675823
Drone 0 51.400000000000006 0.0 0.04776620864868164
Drone 1 431.99999999999784 0.0 0.35340094566345215
Drone 2 192.40000000000182 570.0 3.0625123977661133
Drone 3 623.199999999998 0.0 0.8752603530883789
Drone 4 69.60000000000004 0.0 0.037405967712402344
Drone 5 684.6000000000006 0.0 3.076727867126465
Sum 1 2 0 2296.4999999999977 310.0 55.76956033706665 12.3056689898173
Drone 0 55.39999999999999 0.0 0.21726298332214355
Drone 1 442.3999999999979 0.0 10.971849918365479
Drone 2 477.2000000000006 290.0 2.651291608810425
Drone 3 592.399999999999 0.0 55.76956033706665
Drone 4 70.80000000000003 0.0 0.9477777481079102
Drone 5 658.3000000000004 20.0 3.276271343231201
Sum 1 2 1 -13201.299999999996 15770.0 19.10492992401123 8.068308273951212
Drone 0 74.99999999999999 0.0 1.4290895462036133
Drone 1 -446.00000000000114 1060.0 5.259729862213135
Drone 2 -5014.899999999997 5650.0 19.10492992401123
Drone 3 -2340.8 3020.0 9.30784797668457
Drone 4 34.800000000000004 60.0 1.0571846961975098
Drone 5 -5509.399999999997 5980.0 12.251067638397217
Sum 1 2 2 2440.9999999999973 620.0 3.900432586669922 2.0479955275853476
Drone 0 74.99999999999999 0.0 0.3478999137878418
Drone 1 623.9999999999966 0.0 2.072392225265503
Drone 2 343.20000000000016 450.0 3.900432586669922
Drone 3 744.6000000000001 20.0 2.4440536499023438
Drone 4 58.20000000000005 40.0 0.23311543464660645
Drone 5 596.0000000000002 110.0 3.290079355239868
Sum 1 2 3 -11715.199999999999 14270.0 12.889918088912964 6.351211190223694
Drone 0 67.70000000000002 0.0 0.025403976440429688
Drone 1 -183.60000000000002 820.0 2.940392255783081
Drone 2 -6656.799999999999 7130.0 10.017342567443848
Drone 3 -2277.2 2960.0 12.889918088912964
Drone 4 86.2 0.0 0.07729268074035645
Drone 5 -2751.500000000002 3360.0 12.156917572021484
Sum 1 2 4 1890.1999999999966 710.0 1.4166491031646729 0.5305769046147665
Drone 0 51.400000000000006 0.0 0.025597572326660156
Drone 1 431.99999999999756 0.0 0.09810662269592285
Drone 2 46.80000000000081 710.0 1.4166491031646729
Drone 3 611.1999999999977 0.0 0.5554945468902588
Drone 4 69.60000000000004 0.0 0.06436395645141602
Drone 5 679.2000000000005 0.0 1.023249626159668
Sum 1 3 0 2125.7999999999975 460.0 15.845328092575073 4.866954525311788
Drone 0 50.79999999999999 0.0 0.16019177436828613
Drone 1 442.3999999999979 0.0 9.595710039138794
Drone 2 313.00000000000017 440.0 2.010676622390747
Drone 3 592.399999999999 0.0 15.845328092575073
Drone 4 70.80000000000003 0.0 0.3020045757293701
Drone 5 656.4000000000004 20.0 1.287816047668457
Sum 1 3 1 -12654.099999999997 15260.0 12.529802322387695 5.665582776069641
Drone 0 74.99999999999999 0.0 0.5342559814453125
Drone 1 -446.00000000000114 1060.0 2.681597948074341
Drone 2 -5090.199999999999 5720.0 12.529802322387695
Drone 3 -2473.6 3140.0 6.652249097824097
Drone 4 34.79999999999999 60.0 1.0870094299316406
Drone 5 -4754.099999999998 5280.0 10.50858187675476
Sum 1 3 2 2115.699999999998 920.0 2.852144956588745 1.5716561079025269
Drone 0 74.59999999999998 0.0 0.34036946296691895
Drone 1 623.9999999999966 0.0 1.901388168334961
Drone 2 124.3999999999998 640.0 2.6711037158966064
Drone 3 640.0000000000013 120.0 1.5315134525299072
Drone 4 46.50000000000004 50.0 0.13341689109802246
Drone 5 606.2000000000002 110.0 2.852144956588745
Sum 1 3 3 -13832.2 16250.0 10.430323123931885 4.937561551729838
Drone 0 67.2 0.0 0.06323409080505371
Drone 1 -183.60000000000002 820.0 3.7940993309020996
Drone 2 -8219.8 8580.0 8.561979293823242
Drone 3 -2517.3999999999996 3170.0 6.7111475467681885
Drone 4 91.4 0.0 0.06458592414855957
Drone 5 -3070.0000000000027 3680.0 10.430323123931885
Sum 1 3 4 2057.800000000004 630.0 1.4873347282409668 0.6013842423756918
Drone 0 50.400000000000006 0.0 0.026665687561035156
Drone 1 431.99999999999756 0.0 0.1334366798400879
Drone 2 226.00000000000057 530.0 1.2041568756103516
Drone 3 636.0000000000052 70.0 0.6955373287200928
Drone 4 69.60000000000002 0.0 0.06117415428161621
Drone 5 643.8000000000006 30.0 1.4873347282409668
