TaskGen 5.5177857875823975
Sum 1 1 0 0 3244.799999999998 0.0 3.061406373977661 1.5997685194015503 0.6722538471221924
Drone 1 1 0 0 0; 687.5999999999996 0.0 2.0692667961120605
Tasks 1 1 0 0 0; FT; 45; 0 5; 150 5; 300 5; 450 5; 600 5; 750 5; 900 5; 1050 5; 1200 5; 
Tasks 1 1 0 0 0; FI; 10; 0 2; 300 2; 600 2; 900 2; 1200 2; 
Tasks 1 1 0 0 0; BM; 1495; 0 513; 600 491; 1200 491; 
Miss 1 1 0 0 0; 1 1 0 FT; 0; 150 0; 300 0; 450 0; 600 0; 750 0; 900 0; 1050 0; 1200 0; 
Miss 1 1 0 0 0; 1 1 0 FI; 0; 300 0; 600 0; 900 0; 1200 0; 
Miss 1 1 0 0 0; 1 1 0 BM; 0; 600 0; 1200 0; 
Reward 1 1 0 0 0; 79 6.0 0 0; 90 1.6 0 0; 108 30.6 0 0; 116 20.4 0 0; 126 18.0 0 0; 137 22.2 0 0; 144 14.4 0 0; 155 0.0 14.4 0.0; 189 17.4 0 0; 200 32.4 0 0; 213 19.2 0 0; 227 0 9.0 0; 254 0 3.6 0; 295 36.6 0 0; 302 12.6 0 0.0; 323 3.0 0 0; 334 1.6 0 0; 357 31.8 0 0; 374 19.2 0 0; 385 15.0 0 0; 414 18.0 0 0; 477 3.2 0 0.0; 481 0.6 0 0; 490 0.6 0 0; 493 0.2 0 0; 498 0.4 0 0; 504 1.6 0 0; 511 1.8 0 0; 518 1.8 0 0; 525 1.8 0 0; 532 1.8 0 0; 539 1.8 0 0; 546 1.8 0 0; 553 1.8 0 0; 601 24.0 0 0.0; 635 3.0 0 0; 646 1.6 0 0; 665 30.0 0 0; 673 20.4 0 0; 682 17.4 0 0; 693 22.2 0 0; 700 14.4 0 0; 711 0 14.4 0; 718 0 3.6 0; 739 42.6 0 0; 752 21.6 0 0.0; 764 3.0 0 0; 779 28.8 0 0; 796 23.4 0 0; 803 12.6 0 0; 842 10.2 0 0; 874 0 9.0 0; 942 27.0 0 0.0; 1004 3.0 0 0; 1015 1.6 0 0; 1019 0.8 0 0; 1022 0.4 0 0; 1027 0.8 0 0; 1032 1.6 0 0; 1039 1.8 0 0; 1046 1.8 0 0; 1061 4.2 0 0.0; 1072 1.2 0 0; 1076 0.2 0 0; 1083 0.4 0 0; 1090 0.2 0 0; 1101 1.8 0 0; 1108 1.8 0 0; 1115 1.8 0 0; 1122 1.8 0 0; 1129 1.8 0 0; 1136 1.8 0 0; 1143 1.8 0 0; 1150 1.8 0 0; 1157 1.8 0 0; 1164 1.8 0 0; 1171 0 1.8 0; 1178 0 1.8 0; 1185 0 1.8 0; 1188 0 0.4 0; 1198 6.6 0 0; 1200 3.6 0 0.0; 
Drone 1 1 0 0 1; 690.7999999999981 0.0 2.3856186866760254
Tasks 1 1 0 0 1; BM; 1155; 0 385; 600 385; 1200 385; 
Miss 1 1 0 0 1; 1 1 0 BM; 0; 600 0; 1200 0; 
Reward 1 1 0 0 1; 31 63.0 0 0; 58 78.0 0 0; 85 0 78.0 0; 94 0 12.0 0; 113 90.0 0 0; 122 5.0 0 0; 133 5.0 0 0; 144 5.0 0 0; 155 5.0 0 0; 166 0 5.0 0; 177 0 5.0 0; 188 0 5.0 0; 199 0 5.0 0; 230 25.0 0 0; 241 5.0 0 0; 252 5.0 0 0; 263 5.0 0 0; 274 5.0 0 0; 285 5.0 0 0; 316 5.0 0 0; 322 0.8 0 0; 327 0.8 0 0; 332 0.8 0 0; 337 0.8 0 0; 342 0.8 0 0; 347 0.8 0 0; 352 0.8 0 0; 357 0.8 0 0; 362 0.8 0 0; 367 0.8 0 0; 372 0.8 0 0; 377 0.8 0 0; 382 0.8 0 0; 387 0.8 0 0; 392 0.8 0 0; 397 0.8 0 0; 402 0.8 0 0; 407 0.8 0 0; 412 0.8 0 0; 417 0.8 0 0; 422 0.8 0 0; 427 0.8 0 0; 432 0.8 0 0; 437 0.8 0 0; 446 0.8 0 0; 451 0.8 0 0; 456 0.8 0 0; 461 0.8 0 0; 466 0.8 0 0; 471 0.8 0 0; 476 0.8 0 0; 481 0.8 0 0; 486 0.8 0 0; 493 0.8 0 0; 498 0.8 0 0; 508 0.8 0 0; 511 0.4 0 0; 516 0.4 0 0; 521 0.6 0 0; 528 0.8 0 0; 538 0.8 0 0; 602 0.0 78.0 0.0; 611 0 12.0 0; 646 168.0 0 0; 673 63.0 0 0; 688 5.0 0 0; 699 5.0 0 0; 710 5.0 0 0; 721 5.0 0 0; 732 5.0 0 0; 743 5.0 0 0; 754 5.0 0 0; 765 5.0 0 0; 776 0 5.0 0; 787 0 5.0 0; 798 0 5.0 0; 809 0 5.0 0; 840 25.0 0 0; 863 5.0 0 0; 874 5.0 0 0; 880 0.8 0 0; 885 0.8 0 0; 890 0.8 0 0; 895 0.8 0 0; 900 0.8 0 0; 905 0.8 0 0; 910 0.8 0 0; 915 0.8 0 0; 920 0.8 0 0; 925 0.8 0 0; 930 0.8 0 0; 935 0.8 0 0; 940 0.8 0 0; 945 0.8 0 0; 950 0.8 0 0; 955 0.8 0 0; 960 0.8 0 0; 965 0.8 0 0; 970 0.8 0 0; 975 0.8 0 0; 980 0.8 0 0; 985 0.8 0 0; 990 0.8 0 0; 995 0.8 0 0; 1004 0.8 0 0; 1009 0.8 0 0; 1014 0.8 0 0; 1019 0.8 0 0; 1024 0.8 0 0; 1029 0.8 0 0; 1034 0.8 0 0; 1039 0.8 0 0; 1044 0.8 0 0; 1051 0.8 0 0; 1056 0.8 0 0; 1066 0.8 0 0; 1069 0.4 0 0; 1074 0.4 0 0; 1079 0.6 0 0; 1086 0.8 0 0; 1096 0.8 0 0; 1101 0.8 0 0; 1106 0.8 0 0; 1111 0.4 0 0; 1116 0.4 0 0; 1141 0.8 0 0; 1146 0.8 0 0; 1151 0.8 0 0; 1161 0.8 0 0; 1166 0.8 0 0; 1171 0.8 0 0; 1176 0.8 0 0; 1181 0.8 0 0; 1186 0 0.8 0; 1191 0 0.8 0; 1198 2.4 0 0; 1200 4.0 0 0.0; 
Drone 1 1 0 0 2; 544.0 0.0 0.5889406204223633
Tasks 1 1 0 0 2; FT; 107; 0 6; 150 6; 300 9; 450 9; 600 10; 750 14; 900 17; 1050 18; 1200 18; 
Tasks 1 1 0 0 2; FI; 20; 0 4; 300 4; 600 4; 900 4; 1200 4; 
Tasks 1 1 0 0 2; BM; 1065; 0 355; 600 355; 1200 355; 
Miss 1 1 0 0 2; 1 1 0 FT; 0; 150 0; 300 0; 450 0; 600 0; 750 0; 900 0; 1050 0; 1200 0; 
Miss 1 1 0 0 2; 1 1 0 FI; 0; 300 0; 600 0; 900 0; 1200 0; 
Miss 1 1 0 0 2; 1 1 0 BM; 0; 600 0; 1200 0; 
Reward 1 1 0 0 2; 85 3.6 0 0; 97 1.2 0 0; 102 1.6 0 0; 105 0.8 0 0; 129 21.0 0 0; 140 21.0 0 0; 151 21.0 0 0.0; 201 3.6 0 0; 229 24.0 0 0; 246 25.8 0 0; 255 19.2 0 0; 266 24.0 0 0; 277 24.0 0 0; 338 24.0 0 0.0; 366 1.8 0 0; 372 3.6 0 0; 384 1.2 0 0; 389 1.6 0 0; 392 0.8 0 0; 437 0 9.0 0; 440 9.0 0 0; 478 6.4 0 0.0; 482 0.6 0 0; 490 0.8 0 0; 493 0.4 0 0; 498 0.4 0 0; 508 0.4 0 0; 536 1.8 0 0; 543 1.8 0 0; 550 1.8 0 0; 557 1.8 0 0; 602 0.0 18.0 0.0; 635 20.4 0 0; 640 3.6 0 0; 652 1.2 0 0; 657 1.6 0 0; 660 0.8 0 0; 684 21.0 0 0; 695 21.0 0 0; 706 21.0 0 0; 723 38.4 0 0; 734 24.0 0 0; 745 18.6 0 0; 754 12.0 0 0.0; 789 7.8 0 0; 794 0.6 0 0; 822 24.0 0 0; 839 15.0 0 0; 872 2.4 0 0; 877 0.8 0 0; 883 0.8 0 0; 893 0.8 0 0; 902 9.6 0 0.0; 908 0.6 0 0; 922 1.2 0 0; 927 1.6 0 0; 930 0.8 0 0; 943 2.6 0 0; 949 0.8 0 0; 954 0.8 0 0; 959 1.2 0 0; 965 0.4 0 0; 973 0.4 0 0; 978 0.2 0 0; 1007 1.8 0 0; 1014 1.8 0 0; 1021 1.8 0 0; 1028 1.8 0 0; 1035 1.8 0 0; 1042 1.8 0 0; 1049 1.8 0 0; 1056 1.8 0 0.0; 1102 10.2 0 0; 1107 0.6 0 0; 1115 3.0 0 0; 1121 0.8 0 0; 1126 0.8 0 0; 1131 1.2 0 0; 1137 0.4 0 0; 1144 0.4 0 0; 1149 0.4 0 0; 1156 0.2 0 0; 1192 1.8 0 0; 1198 1.2 0 0; 1200 3.6 0 0.0; 
Drone 1 1 0 0 3; 728.8000000000001 0.0 3.061406373977661
Tasks 1 1 0 0 3; BM; 1338; 0 446; 600 446; 1200 446; 
Miss 1 1 0 0 3; 1 1 0 BM; 0; 600 0; 1200 0; 
Reward 1 1 0 0 3; 100 0 82.8 0; 103 0 6.6 0; 117 0 58.2 0; 128 0 39.0 0; 141 0 36.0 0; 166 0 27.0 0; 177 0 18.0 0; 232 267.6 0 0; 266 0 5.0 0; 277 0 5.0 0; 288 0 5.0 0; 299 0 5.0 0; 310 0 5.0 0; 321 0 5.0 0; 332 0 5.0 0; 343 0 5.0 0; 354 0 5.0 0; 365 0 5.0 0; 376 0 5.0 0; 387 0 5.0 0; 418 0 5.0 0; 429 0 5.0 0; 460 0 5.0 0; 471 0 5.0 0; 477 0 0.8 0; 482 0 0.8 0; 487 0 0.8 0; 492 0 0.8 0; 497 0 0.8 0; 502 0 0.8 0; 507 0 0.8 0; 512 0 0.8 0; 517 0 0.8 0; 522 0 0.8 0; 527 0 0.8 0; 532 0 0.8 0; 539 0 0.8 0; 599 90.4 0 0; 643 0.0 101.4 0.0; 654 0 39.0 0; 668 0 36.0 0; 692 0 27.0 0; 703 0 18.0 0; 752 0 40.2 0; 755 0 6.0 0; 796 267.6 0 0; 824 0 5.0 0; 835 0 5.0 0; 846 0 5.0 0; 857 0 5.0 0; 868 0 5.0 0; 879 0 5.0 0; 903 0 5.0 0; 914 0 5.0 0; 925 0 5.0 0; 936 0 5.0 0; 947 0 5.0 0; 958 0 5.0 0; 969 0 5.0 0; 980 0 5.0 0; 1011 0 5.0 0; 1022 0 5.0 0; 1028 0 0.8 0; 1033 0 0.8 0; 1038 0 0.8 0; 1043 0 0.8 0; 1048 0 0.8 0; 1053 0 0.8 0; 1058 0 0.8 0; 1063 0 0.8 0; 1068 0 0.8 0; 1073 0 0.8 0; 1078 0 0.8 0; 1083 0 0.8 0; 1088 0 0.8 0; 1093 0 0.8 0; 1098 0 0.8 0; 1103 0 0.8 0; 1108 0 0.8 0; 1113 0 0.8 0; 1118 0 0.8 0; 1123 0 0.8 0; 1128 0 0.8 0; 1133 0 0.8 0; 1138 0 0.8 0; 1143 0 0.8 0; 1148 0 0.8 0; 1153 0 0.8 0; 1158 0 0.8 0; 1163 0 0.8 0; 1169 0 0.8 0; 1199 103.2 0 0; 
Drone 1 1 0 0 4; 49.99999999999999 0.0 0.5854058265686035
Tasks 1 1 0 0 4; FT; 8; 0 0; 150 0; 300 0; 450 0; 600 0; 750 0; 900 2; 1050 3; 1200 3; 
Tasks 1 1 0 0 4; BM; 75; 0 25; 600 25; 1200 25; 
Miss 1 1 0 0 4; 1 1 0 FT; 0; 150 0; 300 0; 450 0; 600 0; 750 0; 900 0; 1050 0; 1200 0; 
Miss 1 1 0 0 4; 1 1 0 BM; 0; 600 0; 1200 0; 
Reward 1 1 0 0 4; 29 15.0 0 0; 45 1.8 0 0; 48 0.6 0 0; 52 0.8 0 0; 58 1.0 0 0; 63 0.8 0 0; 68 0.8 0 0; 73 0.4 0 0; 76 0.2 0 0; 85 0.4 0 0; 92 0.4 0 0; 99 0.2 0 0; 104 0.1 0 0; 600 6.0 0 0.0; 607 9.0 0 0; 622 1.8 0 0; 625 0.6 0 0; 630 0.8 0 0; 636 1.0 0 0; 641 0.8 0 0; 646 0.8 0 0; 651 0.4 0 0; 654 0.2 0 0; 663 0.4 0 0; 670 0.4 0 0; 677 0.2 0 0; 682 0.1 0 0; 952 0 2.0 0; 955 0 1.0 0; 966 2.0 0 0; 1050 0.0 1.8 0.0; 1065 1.8 0 0; 1076 0 0.8 0; 1079 0 0.4 0; 1090 1.2 0 0; 
Drone 1 1 0 0 5; 543.5999999999999 0.0 0.9079728126525879
Tasks 1 1 0 0 5; FT; 125; 0 6; 150 10; 300 11; 450 11; 600 14; 750 15; 900 18; 1050 20; 1200 20; 
Tasks 1 1 0 0 5; BM; 1020; 0 340; 600 340; 1200 340; 
Miss 1 1 0 0 5; 1 1 0 FT; 0; 150 0; 300 0; 450 0; 600 0; 750 0; 900 0; 1050 0; 1200 0; 
Miss 1 1 0 0 5; 1 1 0 BM; 0; 600 0; 1200 0; 
Reward 1 1 0 0 5; 74 3.0 0 0; 77 0.6 0 0; 96 24.0 0 0; 99 3.0 0 0; 108 3.0 0 0; 121 19.2 0 0; 124 7.2 0 0; 135 24.0 0 0; 138 3.6 0 0; 155 38.4 0 0.0; 198 4.8 0 0; 201 1.2 0 0; 235 14.4 0 0; 252 38.4 0 0; 259 7.8 0 0; 270 6.0 0 0; 279 1.2 0 0; 290 3.0 0 0; 319 10.8 0 0.0; 