Sum 1 1 0 1689.2000000000198 1690.0 217.36041259765625 49.53780313332876
Drone 0 3.799999999999997 260.0 0.07014632225036621
Drone 1 933.8000000000017 0.0 79.43119144439697
Drone 2 -601.6000000000006 1120.0 0.16826891899108887
Drone 3 1103.0000000000189 0.0 217.36041259765625
Drone 4 192.59999999999988 90.0 0.07059335708618164
Drone 5 57.600000000000016 220.0 0.1262061595916748
Sum 1 1 1 -18788.399999999998 21620.0 29.11169171333313 8.641703406969706
Drone 0 -695.4000000000001 940.0 0.42693281173706055
Drone 1 -7697.0 8400.0 20.1966335773468
Drone 2 -557.2000000000003 1090.0 1.3232715129852295
Drone 3 -9959.0 10720.0 29.11169171333313
Drone 4 257.39999999999975 30.0 0.27206850051879883
Drone 5 -137.2 440.0 0.5196223258972168
Sum 1 1 2 1897.799999999988 1960.0 7.353421688079834 2.4043181339899697
Drone 0 -333.0000000000002 590.0 0.2789590358734131
Drone 1 1170.9999999999986 20.0 5.616931438446045
Drone 2 -282.0000000000001 820.0 0.6138911247253418
Drone 3 1243.59999999999 60.0 7.353421688079834
Drone 4 193.99999999999974 90.0 0.25371289253234863
Drone 5 -95.80000000000004 380.0 0.3089926242828369
Sum 1 1 3 -20647.800000000003 23290.0 96.24037504196167 25.028024355570476
Drone 0 -1431.2 1610.0 0.17655038833618164
Drone 1 -7589.8 8300.0 53.15373086929321
Drone 2 -925.399999999998 1420.0 0.23341989517211914
Drone 3 -10532.6 11240.0 96.24037504196167
Drone 4 214.5999999999998 70.0 0.1503605842590332
Drone 5 -383.4 650.0 0.21370935440063477
Sum 1 1 4 488.80000000001337 2850.0 4.450932264328003 1.213099718093872
Drone 0 -1019.8 1220.0 0.10144257545471191
Drone 1 943.5999999999998 0.0 2.068988800048828
Drone 2 -689.9999999999993 1200.0 0.4386410713195801
Drone 3 1120.200000000013 0.0 4.450932264328003
Drone 4 107.59999999999994 170.0 0.09620976448059082
Drone 5 27.19999999999996 260.0 0.12238383293151855
Sum 1 2 0 1280.8000000000225 2060.0 14601.215981721878 2437.6269486347833
Drone 0 -121.6 370.0 0.043228864669799805
Drone 1 933.8000000000046 0.0 24.15291666984558
Drone 2 -584.6000000000008 1100.0 0.17055273056030273
Drone 3 1103.0000000000189 0.0 14601.215981721878
Drone 4 202.79999999999973 80.0 0.11796855926513672
Drone 5 -252.5999999999999 510.0 0.06104326248168945
Sum 1 2 1 -18827.8 21640.0 18.93416738510132 5.372206966082255
Drone 0 -351.6000000000001 620.0 0.24444937705993652
Drone 1 -8407.399999999998 9040.0 11.404951810836792
Drone 2 -275.8000000000003 830.0 0.5838468074798584
Drone 3 -10010.0 10770.0 18.93416738510132
Drone 4 246.59999999999974 40.0 0.34136223793029785
Drone 5 -29.59999999999997 340.0 0.7244641780853271
Sum 1 2 2 1931.5999999999897 1930.0 5.6131157875061035 1.8929702838261921
Drone 0 -293.0000000000001 550.0 0.28435444831848145
Drone 1 1170.399999999998 20.0 4.358463525772095
Drone 2 -225.20000000000036 770.0 0.5608820915222168
Drone 3 1171.5999999999924 130.0 5.6131157875061035
Drone 4 170.59999999999977 110.0 0.258882999420166
Drone 5 -62.800000000000054 350.0 0.2821228504180908
Sum 1 2 3 -20651.0 23290.0 53.44013285636902 11.541765411694845
Drone 0 -1265.4 1450.0 0.16779351234436035
Drone 1 -8260.2 8900.0 14.877585411071777
Drone 2 -1015.7999999999977 1510.0 0.4516284465789795
Drone 3 -9926.0 10690.0 53.44013285636902
Drone 4 214.59999999999977 70.0 0.08275842666625977
Drone 5 -398.2 670.0 0.23069381713867188
Sum 1 2 4 132.80000000001726 3160.0 4.794912815093994 1.0862470865249634
Drone 0 -1078.0 1270.0 0.10201263427734375
Drone 1 935.3999999999994 0.0 0.8364520072937012
Drone 2 -859.5999999999991 1360.0 0.4877128601074219
Drone 3 1104.800000000017 0.0 4.794912815093994
Drone 4 129.19999999999993 150.0 0.12575268745422363
Drone 5 -98.99999999999997 380.0 0.1706395149230957
Sum 1 3 0 263.000000000021 3010.0 28.73296308517456 9.082300345102945
Drone 0 -365.59999999999997 600.0 0.08667492866516113
Drone 1 933.8000000000046 0.0 28.73296308517456
Drone 2 -1033.9999999999993 1510.0 0.12133216857910156
Drone 3 1104.6000000000158 0.0 25.412039279937744
Drone 4 -68.20000000000005 330.0 0.08753180503845215
Drone 5 -307.6000000000001 570.0 0.05326080322265625
Sum 1 3 1 -19727.999999999996 22470.0 17.517343759536743 5.484691460927327
Drone 0 -482.19999999999993 740.0 0.5880703926086426
Drone 1 -8317.399999999996 8960.0 13.115551471710205
Drone 2 -850.799999999999 1360.0 1.0066790580749512
Drone 3 -10252.8 10990.0 17.517343759536743
Drone 4 193.3999999999998 90.0 0.2749605178833008
Drone 5 -18.20000000000003 330.0 0.40554356575012207
Sum 1 3 2 1095.0000000000132 2760.0 5.738319158554077 2.234158754348755
Drone 0 -478.7999999999999 720.0 0.3724708557128906
Drone 1 1170.399999999998 20.0 5.167056560516357
Drone 2 -268.2000000000007 800.0 1.228088617324829
Drone 3 726.4000000000159 600.0 5.738319158554077
Drone 4 107.59999999999994 170.0 0.38991522789001465
Drone 5 -162.4 450.0 0.5091021060943604
Sum 1 3 3 -22641.0 25120.0 32.20544934272766 8.10391346613566
Drone 0 -1703.2 1860.0 0.13115739822387695
Drone 1 -8282.2 8920.0 15.450624704360962
Drone 2 -1205.5999999999988 1680.0 0.36620187759399414
Drone 3 -10628.0 11320.0 32.20544934272766
Drone 4 72.40000000000006 200.0 0.2570502758026123
Drone 5 -894.3999999999997 1140.0 0.2129971981048584
Sum 1 3 4 -591.7999999999809 3860.0 1.7535710334777832 0.5633482138315836
Drone 0 -1381.0 1550.0 0.15860724449157715
Drone 1 935.3999999999994 0.0 0.821876049041748
Drone 2 -1091.5999999999958 1570.0 0.36844801902770996
Drone 3 1139.2000000000155 0.0 1.7535710334777832
Drone 4 -0.7999999999999972 270.0 0.13801050186157227
Drone 5 -192.99999999999991 470.0 0.13957643508911133
Sum 2 1 0 -241.19999999998004 3450.0 236.49861001968384 51.62074772516886
Drone 0 85.0 30.0 0.8011889457702637
Drone 1 933.8000000000017 0.0 71.9994809627533
Drone 2 -638.0000000000006 1190.0 0.2083110809326172
Drone 3 1103.0000000000189 0.0 236.49861001968384
Drone 4 -157.4 440.0 0.07801699638366699
Drone 5 -1567.6 1790.0 0.13887834548950195
Sum 2 1 1 -19318.0 22100.0 28.243934392929077 7.502355019251506
Drone 0 9.200000000000003 150.0 0.16850733757019043
Drone 1 -7697.0 8400.0 14.388590574264526
Drone 2 -346.40000000000055 920.0 1.5999608039855957
Drone 3 -9959.0 10720.0 28.243934392929077
Drone 4 -103.59999999999992 390.0 0.16437554359436035
Drone 5 -1221.1999999999998 1520.0 0.4487614631652832
Sum 2 1 2 1261.5999999999883 2540.0 6.2792747020721436 2.0001986424128213
Drone 0 99.00000000000003 50.0 0.07497882843017578
Drone 1 1170.9999999999986 20.0 4.3067474365234375
Drone 2 -229.20000000000053 810.0 0.7563636302947998
Drone 3 1243.59999999999 60.0 6.2792747020721436
Drone 4 -190.40000000000003 470.0 0.23247361183166504
Drone 5 -832.3999999999994 1130.0 0.35135364532470703
Sum 2 1 3 -20891.200000000004 23540.0 84.18552160263062 21.23587981859843
Drone 0 114.0 40.0 0.15375757217407227
Drone 1 -7589.8 8300.0 41.957472801208496
Drone 2 -346.4000000000005 920.0 0.5246343612670898
Drone 3 -10532.6 11240.0 84.18552160263062
Drone 4 -426.79999999999984 690.0 0.1688857078552246
Drone 5 -2109.6000000000004 2350.0 0.4250068664550781
Sum 2 1 4 -12.799999999985857 3310.0 4.454173564910889 1.2047189871470134
Drone 0 86.20000000000003 50.0 0.03924155235290527
Drone 1 943.5999999999998 0.0 2.0353012084960938
Drone 2 -162.79999999999987 750.0 0.42444896697998047
Drone 3 1120.200000000013 0.0 4.454173564910889
Drone 4 -242.4000000000003 520.0 0.11773300170898438
Drone 5 -1757.5999999999985 1990.0 0.15741562843322754
Sum 2 2 0 -96.19999999997708 3310.0 78.93963289260864 17.28363009293874
Drone 0 67.39999999999998 40.0 0.35547327995300293
Drone 1 933.8000000000046 0.0 24.053249835968018
Drone 2 -152.00000000000017 740.0 0.10814690589904785
Drone 3 1103.0000000000189 0.0 78.93963289260864
Drone 4 -310.8000000000003 580.0 0.10353827476501465
Drone 5 -1737.6 1950.0 0.1417393684387207
Sum 2 2 1 -20021.199999999997 22730.0 20.10459542274475 5.327044248580933
Drone 0 -60.399999999999984 210.0 0.2448563575744629
Drone 1 -8407.399999999998 9040.0 10.052215337753296
Drone 2 -130.40000000000063 720.0 0.935448169708252
Drone 3 -10010.0 10770.0 20.10459542274475
Drone 4 -126.19999999999993 410.0 0.2719130516052246
Drone 5 -1286.7999999999995 1580.0 0.3532371520996094
Sum 2 2 2 880.5999999999896 2900.0 5.4945855140686035 1.7248297135035198
Drone 0 42.000000000000014 100.0 0.14238309860229492
Drone 1 1170.399999999998 20.0 3.618211269378662
Drone 2 -294.0000000000009 870.0 0.5297069549560547
Drone 3 1171.5999999999924 130.0 5.4945855140686035
Drone 4 -212.0 490.0 0.2344365119934082
Drone 5 -997.4 1290.0 0.3296549320220947
Sum 2 2 3 -20968.2 23580.0 41.83130168914795 9.159141262372335
Drone 0 96.80000000000001 40.0 0.13958430290222168
Drone 1 -8260.2 8900.0 12.18874216079712
Drone 2 -227.60000000000085 810.0 0.4214155673980713
Drone 3 -9926.0 10690.0 41.83130168914795
Drone 4 -426.79999999999967 690.0 0.09017753601074219
Drone 5 -2224.4000000000015 2450.0 0.2836263179779053
Sum 2 2 4 7.200000000016644 3270.0 1.748786449432373 0.5195545355478922
Drone 0 82.60000000000002 50.0 0.06677818298339844
Drone 1 935.3999999999994 0.0 0.5700840950012207
Drone 2 -132.00000000000006 720.0 0.5382223129272461
Drone 3 1104.800000000017 0.0 1.748786449432373
Drone 4 -220.80000000000032 500.0 0.07736635208129883
Drone 5 -1762.7999999999993 2000.0 0.1160898208618164
Sum 2 3 0 -57.39999999998031 3300.0 20.40459942817688 6.343688329060872
Drone 0 57.999999999999986 60.0 0.19529986381530762
Drone 1 933.8000000000046 0.0 20.40459942817688
Drone 2 -249.20000000000087 830.0 0.11924409866333008
Drone 3 1104.6000000000158 0.0 17.24023199081421
Drone 4 -393.80000000000007 660.0 0.03953361511230469
Drone 5 -1510.8 1750.0 0.06322097778320312
Sum 2 3 1 -20482.8 23160.0 12.162316083908081 3.6360572576522827
Drone 0 -34.8 190.0 0.2726142406463623
Drone 1 -8317.399999999996 8960.0 8.188595294952393
Drone 2 -380.20000000000067 950.0 0.5468058586120605
Drone 3 -10252.8 10990.0 12.162316083908081
Drone 4 -188.40000000000003 470.0 0.21012592315673828
Drone 5 -1309.2 1600.0 0.4358861446380615
Sum 2 3 2 -32.799999999986085 3800.0 4.1694841384887695 1.358694354693095
Drone 0 32.000000000000014 110.0 0.18640804290771484
Drone 1 1170.399999999998 20.0 2.7369537353515625
Drone 2 -380.20000000000107 950.0 0.5461905002593994
Drone 3 726.4000000000159 600.0 4.1694841384887695
Drone 4 -470.40000000000015 730.0 0.17363405227661133
Drone 5 -1110.9999999999989 1390.0 0.3394956588745117
Sum 2 3 3 -22490.200000000004 24960.0 17.27162265777588 4.708413402239482
Drone 0 37.60000000000001 100.0 0.07429766654968262
Drone 1 -8282.2 8920.0 10.375698804855347
Drone 2 -670.4 1220.0 0.29822373390197754
Drone 3 -10628.0 11320.0 17.27162265777588
Drone 4 -332.4000000000002 600.0 0.08072781562805176
Drone 5 -2614.800000000001 2800.0 0.14990973472595215
Sum 2 3 4 -213.399999999986 3490.0 0.8520758152008057 0.2882126172383626
Drone 0 60.80000000000001 70.0 0.041997432708740234
Drone 1 935.3999999999994 0.0 0.421522855758667
Drone 2 -358.60000000000116 930.0 0.2517409324645996
Drone 3 1139.2000000000155 0.0 0.8520758152008057
Drone 4 -383.20000000000016 650.0 0.07110881805419922
Drone 5 -1606.9999999999995 1840.0 0.09082984924316406
Sum 3 1 0 -280.0999999999922 3510.0 4419.104390859604 743.3188682397207
Drone 0 -1041.0 1390.0 0.0566556453704834
Drone 1 1064.0000000000023 0.0 40.54245686531067
Drone 2 -253.80000000000072 790.0 0.07157230377197266
Drone 3 743.2000000000053 0.0 4419.104390859604
Drone 4 -287.49999999999926 500.0 0.0399017333984375
Drone 5 -504.9999999999997 830.0 0.09823203086853027
Sum 3 1 1 -18384.4 21230.0 11.133366584777832 3.4719708363215127
Drone 0 -545.4000000000003 960.0 0.5142257213592529
Drone 1 -9889.0 10590.0 11.133366584777832
Drone 2 -606.800000000001 1160.0 0.8736307621002197
Drone 3 -5604.0 6210.0 7.066578149795532
Drone 4 -500.4000000000001 720.0 0.43596673011779785
Drone 5 -1238.8000000000002 1590.0 0.8080570697784424
Sum 3 1 2 524.0000000000043 3200.0 3.3328263759613037 1.1350208520889282
Drone 0 -638.4000000000002 1040.0 0.3602416515350342
Drone 1 1277.9999999999989 0.0 3.3328263759613037
Drone 2 -113.40000000000069 680.0 0.642078161239624
Drone 3 844.6000000000063 40.0 1.805962085723877
Drone 4 -581.3999999999997 790.0 0.18262648582458496
Drone 5 -265.40000000000026 650.0 0.4863903522491455
Sum 3 1 3 -18406.799999999996 21090.0 30.23088788986206 8.011203646659851
Drone 0 -2360.0999999999995 2630.0 0.21895837783813477
Drone 1 -9781.0 10490.0 30.23088788986206
Drone 2 -772.7999999999997 1300.0 0.1967780590057373
Drone 3 -2411.5999999999967 3120.0 17.099872589111328
Drone 4 -183.09999999999997 420.0 0.1267228126525879
Drone 5 -2898.2 3130.0 0.1940021514892578
Sum 3 1 4 -2277.4499999999903 5420.0 1.7113254070281982 0.6169310013453165
Drone 0 -2500.45 2750.0 0.12029266357421875
Drone 1 1063.6000000000047 0.0 1.7113254070281982
Drone 2 -480.20000000000095 1010.0 0.20341992378234863
Drone 3 755.600000000004 0.0 1.4967041015625
Drone 4 -251.00000000000006 480.0 0.05684494972229004
Drone 5 -864.9999999999983 1180.0 0.11299896240234375
Sum 3 2 0 -724.6999999999841 3930.0 38.037835121154785 8.691045761108398
Drone 0 -1353.3999999999996 1680.0 0.06930780410766602
Drone 1 1064.0000000000095 0.0 13.813514947891235
Drone 2 -441.6 960.0 0.10533285140991211
Drone 3 743.2000000000053 0.0 38.037835121154785
Drone 4 -287.49999999999926 500.0 0.03887581825256348
Drone 5 -449.4 790.0 0.08140802383422852
Sum 3 2 1 -18734.399999999994 21550.0 7.989817142486572 2.9227521419525146
Drone 0 -1611.0000000000005 1950.0 0.4218904972076416
Drone 1 -10202.199999999997 10870.0 7.989817142486572
Drone 2 -224.10000000000036 800.0 0.6785988807678223
Drone 3 -5087.0 5740.0 7.296022176742554
Drone 4 -371.29999999999995 600.0 0.25782346725463867
Drone 5 -1238.8000000000002 1590.0 0.8923606872558594
Sum 3 2 2 359.40000000001584 3400.0 2.682966947555542 1.0183372100194295
Drone 0 -1050.8000000000002 1420.0 0.33565688133239746
Drone 1 1334.2000000000082 0.0 2.682966947555542
Drone 2 -238.80000000000064 800.0 0.5527832508087158
Drone 3 859.4000000000083 10.0 1.6562352180480957
Drone 4 -193.19999999999982 430.0 0.25528526306152344
Drone 5 -351.40000000000003 740.0 0.6270956993103027
Sum 3 2 3 -21926.700000000004 24470.0 15.386894226074219 4.724306305249532
Drone 0 -2843.5 3070.0 0.14312410354614258
Drone 1 -10032.600000000002 10710.0 12.344114065170288
Drone 2 -969.0000000000002 1480.0 0.16160011291503906
Drone 3 -5043.8 5700.0 15.386894226074219
Drone 4 -216.40000000000003 450.0 0.09067678451538086
Drone 5 -2821.4 3060.0 0.21942853927612305
Sum 3 2 4 -2271.0499999999947 5480.0 0.8358621597290039 0.2959660291671753
Drone 0 -2395.05 2650.0 0.11075997352600098
Drone 1 1120.0000000000018 0.0 0.5931370258331299
Drone 2 -371.6000000000007 910.0 0.11015820503234863
Drone 3 753.2000000000041 0.0 0.8358621597290039
Drone 4 -237.40000000000006 470.0 0.04514598846435547
Drone 5 -1140.1999999999994 1450.0 0.08073282241821289
Sum 3 3 0 -659.7999999999854 3880.0 10.768171072006226 3.3429877758026123
Drone 0 -1126.0 1470.0 0.054062604904174805
Drone 1 1064.0000000000095 0.0 9.046369314193726
Drone 2 -505.6000000000004 1020.0 0.10220766067504883
Drone 3 743.2000000000053 0.0 10.768171072006226
Drone 4 -342.4 550.0 0.029928207397460938
Drone 5 -492.99999999999994 840.0 0.057187795639038086
Sum 3 3 1 -19591.6 22340.0 6.602899074554443 2.2193055947621665
Drone 0 -968.0000000000002 1350.0 0.4860987663269043
Drone 1 -9878.0 10580.0 6.602899074554443
Drone 2 -869.3999999999992 1400.0 0.8814036846160889
Drone 3 -6176.0 6730.0 4.262854337692261
Drone 4 -336.6000000000002 570.0 0.3349039554595947
Drone 5 -1363.6 1710.0 0.747673749923706
Sum 3 3 2 798.0000000000073 2950.0 2.4085516929626465 0.8728648026784261
Drone 0 -574.5000000000002 980.0 0.43071436882019043
Drone 1 1339.200000000004 0.0 2.4085516929626465
Drone 2 -58.60000000000013 600.0 0.6092159748077393
Drone 3 638.2000000000041 200.0 1.0467841625213623
Drone 4 -243.9000000000002 470.0 0.2265317440032959
Drone 5 -302.4000000000001 700.0 0.5153908729553223
Sum 3 3 3 -22915.1 25370.0 10.196321725845337 2.7623470624287925
Drone 0 -3103.85 3320.0 0.11494803428649902
Drone 1 -9791.8 10500.0 10.196321725845337
Drone 2 -1025.0000000000005 1530.0 0.14704322814941406
Drone 3 -6076.4 6630.0 5.896744728088379
Drone 4 -257.85 480.0 0.05788540840148926
Drone 5 -2660.2000000000007 2910.0 0.16113924980163574
Sum 3 3 4 -3482.8499999999904 6630.0 0.554189920425415 0.2193926970163981
Drone 0 -2981.25 3200.0 0.0902860164642334
Drone 1 1120.0000000000018 0.0 0.554189920425415
Drone 2 -864.9999999999982 1370.0 0.11967802047729492
Drone 3 795.4000000000024 0.0 0.4503304958343506
Drone 4 -400.4000000000002 610.0 0.031163454055786133
Drone 5 -1151.5999999999965 1450.0 0.0707082748413086
