Sum 1 1 0 -5774.199999999983 8850.0 192.16822600364685 43.80668111642202
Drone 0 -848.6000000000004 1130.0 0.09569168090820312
Drone 1 899.6000000000009 0.0 70.25081133842468
Drone 2 -2794.5999999999985 3180.0 0.19079804420471191
Drone 3 941.0000000000127 0.0 192.16822600364685
Drone 4 -1209.999999999999 1530.0 0.05846405029296875
Drone 5 -2761.599999999999 3010.0 0.0760955810546875
Sum 1 1 1 -20327.999999999993 23190.0 20.83525323867798 6.2788846890131635
Drone 0 -1064.4 1350.0 0.43547749519348145
Drone 1 -7149.0 7850.0 14.58982253074646
Drone 2 -1565.5999999999988 2050.0 0.7974870204925537
Drone 3 -7695.799999999999 8420.0 20.83525323867798
Drone 4 -737.3999999999994 1090.0 0.4111611843109131
Drone 5 -2115.8 2430.0 0.6041066646575928
Sum 1 1 2 -1648.1999999999857 5510.0 6.820630311965942 2.404374122619629
Drone 0 -502.40000000000026 820.0 0.42371177673339844
Drone 1 1104.2000000000028 40.0 5.65178108215332
Drone 2 -1832.3999999999987 2300.0 0.6982355117797852
Drone 3 1048.6000000000095 120.0 6.820630311965942
Drone 4 -605.2 970.0 0.34829044342041016
Drone 5 -860.9999999999989 1260.0 0.483595609664917
Sum 1 1 3 -26144.400000000005 28570.0 69.04952502250671 19.063960552215576
Drone 0 -2631.3999999999996 2790.0 0.1984405517578125
Drone 1 -7041.8 7750.0 44.17916560173035
Drone 2 -4394.400000000003 4680.0 0.40595221519470215
Drone 3 -7665.2 8390.0 69.04952502250671
Drone 4 -1058.799999999999 1390.0 0.33964014053344727
Drone 5 -3352.8000000000015 3570.0 0.21103978157043457
Sum 1 1 4 -8988.399999999996 11930.0 2.946296453475952 0.9734634955724081
Drone 0 -2433.6 2610.0 0.16843152046203613
Drone 1 909.9999999999984 0.0 1.8686728477478027
Drone 2 -3655.200000000003 3990.0 0.3634774684906006
Drone 3 1005.4000000000088 0.0 2.946296453475952
Drone 4 -757.3999999999994 1110.0 0.2991983890533447
Drone 5 -4057.6000000000004 4220.0 0.19470429420471191
Sum 1 2 0 -5043.59999999998 8170.0 93.41163635253906 20.03340510527293
Drone 0 -417.2000000000004 730.0 0.04318499565124512
Drone 1 899.6000000000034 0.0 26.295477390289307
Drone 2 -2536.7999999999975 2940.0 0.23882842063903809
Drone 3 941.0000000000127 0.0 93.41163635253906
Drone 4 -1361.6 1670.0 0.06937575340270996
Drone 5 -2568.5999999999995 2830.0 0.14192771911621094
Sum 1 2 1 -19429.999999999996 22370.0 16.984404802322388 4.767885247866313
Drone 0 -568.4000000000003 890.0 0.436018705368042
Drone 1 -7521.199999999995 8200.0 9.527533531188965
Drone 2 -1371.9999999999989 1870.0 0.660193920135498
Drone 3 -7226.0 7990.0 16.984404802322388
Drone 4 -702.1999999999989 1060.0 0.44353151321411133
Drone 5 -2040.1999999999998 2360.0 0.5556290149688721
Sum 1 2 2 -817.599999999989 4710.0 5.172251462936401 1.7131853898366292
Drone 0 -473.2000000000003 790.0 0.3029613494873047
Drone 1 1136.000000000002 0.0 3.796616792678833
Drone 2 -1157.1999999999975 1670.0 0.5190925598144531
Drone 3 1059.000000000006 100.0 5.172251462936401
Drone 4 -508.8000000000001 880.0 0.2072746753692627
Drone 5 -873.399999999999 1270.0 0.2809154987335205
Sum 1 2 3 -26209.0 28640.0 37.313469886779785 9.377208789189657
Drone 0 -2635.4 2800.0 0.1696183681488037
Drone 1 -7569.9999999999945 8240.0 17.935121774673462
Drone 2 -4407.200000000004 4690.0 0.380934476852417
Drone 3 -7226.0 7990.0 37.313469886779785
Drone 4 -1103.599999999999 1430.0 0.2998483180999756
Drone 5 -3266.8000000000015 3490.0 0.1642599105834961
Sum 1 2 4 -8949.999999999995 11900.0 2.302807569503784 0.7287348111470541
Drone 0 -2450.6000000000004 2620.0 0.15040802955627441
Drone 1 940.1999999999992 0.0 0.9762051105499268
Drone 2 -3551.4000000000033 3890.0 0.5172536373138428
Drone 3 992.6000000000096 0.0 2.302807569503784
Drone 4 -832.1999999999994 1180.0 0.2813594341278076
Drone 5 -4048.6000000000004 4210.0 0.14437508583068848
Sum 1 3 0 -5941.7999999999865 9020.0 31.376508474349976 10.094297925631205
Drone 0 -736.6000000000004 1040.0 0.09365415573120117
Drone 1 899.6000000000034 0.0 28.646341562271118
Drone 2 -2979.8000000000025 3350.0 0.19208979606628418
Drone 3 941.0000000000125 0.0 31.376508474349976
Drone 4 -1481.5999999999995 1780.0 0.13023138046264648
Drone 5 -2584.4000000000005 2850.0 0.12696218490600586
Sum 1 3 1 -20276.199999999986 23130.0 14.894513607025146 4.973512450853984
Drone 0 -647.8000000000004 960.0 0.4655265808105469
Drone 1 -7609.599999999992 8280.0 12.00753116607666
Drone 2 -1768.3999999999978 2240.0 0.9706437587738037
Drone 3 -7737.0 8450.0 14.894513607025146
Drone 4 -1212.5999999999983 1530.0 0.584190845489502
Drone 5 -1300.7999999999984 1670.0 0.9186687469482422
Sum 1 3 2 -2039.599999999984 5860.0 5.484663248062134 2.0679968992869058
Drone 0 -945.0000000000002 1230.0 0.40856194496154785
Drone 1 1136.000000000002 0.0 4.382348299026489
Drone 2 -1256.9999999999973 1760.0 0.7127940654754639
Drone 3 766.2000000000094 390.0 5.484663248062134
Drone 4 -682.3999999999995 1040.0 0.6499204635620117
Drone 5 -1057.3999999999983 1440.0 0.7696933746337891
Sum 1 3 3 -28276.199999999993 30520.0 22.761314630508423 6.647868474324544
Drone 0 -2918.8 3060.0 0.16623830795288086
Drone 1 -7569.9999999999945 8240.0 16.06234884262085
Drone 2 -4665.000000000004 4930.0 0.4039938449859619
Drone 3 -8010.4 8690.0 22.761314630508423
Drone 4 -1017.1999999999985 1350.0 0.31436729431152344
Drone 5 -4094.8000000000006 4250.0 0.17894792556762695
Sum 1 3 4 -9964.199999999997 12850.0 1.0322949886322021 0.4012713034947713
Drone 0 -2832.0000000000005 2980.0 0.15769505500793457
Drone 1 940.1999999999992 0.0 0.6749653816223145
Drone 2 -3939.8000000000047 4240.0 0.29326963424682617
Drone 3 1000.200000000008 0.0 1.0322949886322021
Drone 4 -930.599999999999 1270.0 0.17922329902648926
Drone 5 -4202.2 4360.0 0.07017946243286133
Sum 2 1 0 -4092.799999999984 7300.0 170.95400547981262 39.131972233454384
Drone 0 -422.00000000000034 710.0 0.09902644157409668
Drone 1 899.6000000000009 0.0 63.320600509643555
Drone 2 -1415.9999999999973 1880.0 0.14281487464904785
Drone 3 941.0000000000127 0.0 170.95400547981262
Drone 4 -2103.6000000000004 2430.0 0.1393280029296875
Drone 5 -1991.7999999999993 2280.0 0.13605809211730957
Sum 2 1 1 -19415.999999999993 22360.0 20.305654048919678 6.796022137006124
Drone 0 -1417.7999999999995 1660.0 0.5651895999908447
Drone 1 -7149.0 7850.0 17.441811323165894
Drone 2 -854.3999999999986 1370.0 0.7275664806365967
Drone 3 -7695.799999999999 8420.0 20.305654048919678
Drone 4 -1791.399999999999 2140.0 0.6778573989868164
Drone 5 -507.5999999999999 920.0 1.058053970336914
Sum 2 1 2 -984.799999999988 4900.0 7.169047832489014 2.6468417247136435
Drone 0 -356.60000000000014 660.0 0.23224973678588867
Drone 1 1104.2000000000028 40.0 6.3712263107299805
Drone 2 -675.4000000000003 1200.0 1.0875461101531982
Drone 3 1048.6000000000095 120.0 7.169047832489014
Drone 4 -1629.9999999999995 1990.0 0.4279749393463135
Drone 5 -475.60000000000025 890.0 0.5930054187774658
Sum 2 1 3 -24943.4 27460.0 61.074315309524536 16.710660338401794
Drone 0 -2517.3999999999996 2660.0 0.0947868824005127
Drone 1 -7041.8 7750.0 38.111109495162964
Drone 2 -2383.6000000000004 2790.0 0.5313663482666016
Drone 3 -7665.2 8390.0 61.074315309524536
Drone 4 -1920.7999999999993 2260.0 0.2532837390899658
Drone 5 -3414.600000000001 3610.0 0.19910025596618652
Sum 2 1 4 -7980.79999999999 11000.0 3.1285550594329834 1.0357719262440999
Drone 0 -2285.6 2450.0 0.07297158241271973
Drone 1 909.9999999999984 0.0 2.0523922443389893
Drone 2 -2143.9999999999986 2560.0 0.4550771713256836
Drone 3 1005.4000000000088 0.0 3.1285550594329834
Drone 4 -2148.199999999999 2470.0 0.3180713653564453
Drone 5 -3318.4 3520.0 0.18756413459777832
Sum 2 2 0 -4599.1999999999825 7770.0 84.40057349205017 17.97213304042816
Drone 0 -432.8000000000002 720.0 0.10857534408569336
Drone 1 899.6000000000034 0.0 22.915184497833252
Drone 2 -2082.5999999999985 2500.0 0.08715319633483887
Drone 3 941.0000000000127 0.0 84.40057349205017
Drone 4 -2309.0000000000005 2620.0 0.1811048984527588
Drone 5 -1615.3999999999999 1930.0 0.14020681381225586
Sum 2 2 1 -18278.19999999999 21310.0 14.24884819984436 4.306318203608195
Drone 0 -345.0000000000002 660.0 0.25777363777160645
Drone 1 -7521.199999999995 8200.0 9.71975302696228
Drone 2 -798.9999999999977 1320.0 0.8274068832397461
Drone 3 -7226.0 7990.0 14.24884819984436
Drone 4 -1716.1999999999987 2070.0 0.27605199813842773
Drone 5 -670.8000000000003 1070.0 0.508075475692749
Sum 2 2 2 -901.1999999999898 4800.0 5.5549726486206055 1.8172269662221272
Drone 0 -419.20000000000016 720.0 0.3486449718475342
Drone 1 1136.000000000002 0.0 3.487349510192871
Drone 2 -795.1999999999979 1310.0 0.7214131355285645
Drone 3 1059.000000000006 100.0 5.5549726486206055
Drone 4 -1500.3999999999996 1870.0 0.3930935859680176
Drone 5 -381.40000000000003 800.0 0.3978879451751709
Sum 2 2 3 -25469.199999999997 27960.0 34.52269530296326 8.094312826792398
Drone 0 -2488.4 2640.0 0.11339426040649414
Drone 1 -7569.9999999999945 8240.0 13.044864892959595
Drone 2 -2425.4000000000005 2830.0 0.41158628463745117
Drone 3 -7226.0 7990.0 34.52269530296326
Drone 4 -2678.2000000000003 2960.0 0.25339651107788086
Drone 5 -3081.2000000000007 3300.0 0.2199397087097168
Sum 2 2 4 -7129.999999999989 10220.0 1.605142593383789 0.5205592314402262
Drone 0 -1849.8000000000002 2040.0 0.07605528831481934
Drone 1 940.1999999999992 0.0 0.8975653648376465
Drone 2 -1941.599999999998 2370.0 0.22932839393615723
Drone 3 992.6000000000096 0.0 1.605142593383789
Drone 4 -2126.5999999999985 2450.0 0.20046663284301758
Drone 5 -3144.8000000000006 3360.0 0.11479711532592773
Sum 2 3 0 -6419.599999999983 9470.0 24.241463661193848 7.6437452634175616
Drone 0 -1794.0000000000005 1990.0 0.06105613708496094
Drone 1 899.6000000000034 0.0 24.241463661193848
Drone 2 -2020.1999999999996 2440.0 0.10750389099121094
Drone 3 941.0000000000125 0.0 21.29835271835327
Drone 4 -2361.2 2670.0 0.08723592758178711
Drone 5 -2084.7999999999993 2370.0 0.06685924530029297
Sum 2 3 1 -19784.99999999999 22690.0 9.258567810058594 3.0838733514149985
Drone 0 -1132.0000000000002 1390.0 0.30846691131591797
Drone 1 -7609.599999999992 8280.0 7.5570595264434814
Drone 2 -910.5999999999982 1420.0 0.6306707859039307
Drone 3 -7737.0 8450.0 9.258567810058594
Drone 4 -1932.399999999999 2270.0 0.20038890838623047
Drone 5 -463.4000000000003 880.0 0.5480861663818359
Sum 2 3 2 -1153.7999999999886 5050.0 3.159980297088623 1.2454119523366292
Drone 0 -528.4000000000003 820.0 0.3488199710845947
Drone 1 1136.000000000002 0.0 2.6215102672576904
Drone 2 -526.4000000000001 1060.0 0.656456470489502
Drone 3 766.2000000000094 390.0 3.159980297088623
Drone 4 -1651.7999999999995 2010.0 0.28232884407043457
Drone 5 -349.40000000000015 770.0 0.40337586402893066
Sum 2 3 3 -26381.999999999996 28780.0 15.518990993499756 4.51923406124115
Drone 0 -2448.0 2600.0 0.11566805839538574
Drone 1 -7569.9999999999945 8240.0 10.830790042877197
Drone 2 -2730.6000000000004 3110.0 0.265362024307251
Drone 3 -8010.4 8690.0 15.518990993499756
Drone 4 -2634.3999999999996 2920.0 0.2643139362335205
Drone 5 -2988.600000000001 3220.0 0.12027931213378906
Sum 2 3 4 -8250.999999999989 11270.0 0.7698073387145996 0.331639568010966
Drone 0 -2555.2 2700.0 0.05240345001220703
Drone 1 940.1999999999992 0.0 0.586613655090332
Drone 2 -1988.599999999998 2410.0 0.21662473678588867
Drone 3 1000.200000000008 0.0 0.7698073387145996
Drone 4 -2115.999999999998 2440.0 0.24790072441101074
Drone 5 -3531.600000000001 3720.0 0.11648750305175781
Sum 3 1 0 -3783.199999999986 7020.0 566.4406616687775 102.19237283865611
Drone 0 -83.59999999999991 420.0 0.04614067077636719
Drone 1 899.0000000000031 0.0 46.359803676605225
Drone 2 -3019.4000000000033 3510.0 0.1224210262298584
Drone 3 941.6000000000129 0.0 566.4406616687775
Drone 4 -1712.2 1900.0 0.09376025199890137
Drone 5 -808.5999999999989 1190.0 0.09144973754882812
Sum 3 1 1 -18141.999999999996 21160.0 11.955300331115723 3.710119128227234
Drone 0 155.99999999999991 210.0 0.2676069736480713
Drone 1 -7660.0 8310.0 8.817731142044067
Drone 2 -1696.3999999999965 2290.0 0.7859320640563965
Drone 3 -7511.8 8250.0 11.955300331115723
Drone 4 -738.5999999999999 1000.0 0.13652729988098145
Drone 5 -691.2000000000003 1100.0 0.29761695861816406
Sum 3 1 2 -384.99999999998 4340.0 4.122119903564453 1.3094553550084431
Drone 0 63.80000000000012 290.0 0.21101069450378418
Drone 1 1119.2000000000023 20.0 2.659069776535034
Drone 2 -1071.799999999996 1710.0 0.4955573081970215
Drone 3 1081.200000000013 90.0 4.122119903564453
Drone 4 -835.7999999999993 1090.0 0.12987303733825684
Drone 5 -741.6000000000001 1140.0 0.23910140991210938
Sum 3 1 3 -24205.200000000004 26780.0 35.58995819091797 10.07886254787445
Drone 0 -676.0 980.0 0.17381525039672852
Drone 1 -7180.0 7870.0 23.99787473678589
Drone 2 -4565.400000000005 4950.0 0.40889430046081543
Drone 3 -7523.0 8260.0 35.58995819091797
Drone 4 -1381.5999999999995 1600.0 0.1253833770751953
Drone 5 -2879.2000000000025 3120.0 0.17724943161010742
Sum 3 1 4 -8298.599999999993 11260.0 1.6960952281951904 0.618980606396993
Drone 0 -894.1999999999998 1180.0 0.14006924629211426
Drone 1 910.7999999999993 0.0 1.3434057235717773
Drone 2 -4250.600000000002 4660.0 0.3295297622680664
Drone 3 963.8000000000113 0.0 1.6960952281951904
Drone 4 -1720.7999999999997 1910.0 0.10429787635803223
Drone 5 -3307.6000000000026 3510.0 0.10048580169677734
Sum 3 2 0 -3796.599999999983 7030.0 55.95105791091919 12.11113170782725
Drone 0 -65.39999999999998 400.0 0.03866291046142578
Drone 1 899.0000000000034 0.0 16.45958137512207
Drone 2 -2954.800000000001 3450.0 0.1204226016998291
Drone 3 941.6000000000129 0.0 55.95105791091919
Drone 4 -1713.7999999999997 1900.0 0.040003061294555664
Drone 5 -903.1999999999988 1280.0 0.057062387466430664
Sum 3 2 1 -16894.599999999995 20020.0 10.666365146636963 3.012752811113993
Drone 0 166.79999999999995 200.0 0.23486089706420898
Drone 1 -7216.0 7910.0 6.153359413146973
Drone 2 -1211.9999999999961 1840.0 0.5670363903045654
Drone 3 -7214.0 7980.0 10.666365146636963
Drone 4 -834.5999999999992 1090.0 0.15166115760803223
Drone 5 -584.8000000000001 1000.0 0.3032338619232178
Sum 3 2 2 -124.59999999998468 4100.0 3.64648175239563 1.2609670956929524
Drone 0 74.80000000000001 280.0 0.1862168312072754
Drone 1 1130.9999999999982 0.0 2.559337615966797
Drone 2 -1071.799999999996 1710.0 0.6827681064605713
Drone 3 1080.0000000000134 100.0 3.64648175239563
Drone 4 -717.5999999999999 980.0 0.15079164505004883
Drone 5 -621.0000000000002 1030.0 0.3402066230773926
Sum 3 2 3 -24110.600000000002 26700.0 17.484479427337646 4.667421658833821
Drone 0 -678.4000000000001 980.0 0.11084675788879395
Drone 1 -7264.0 7950.0 9.856433629989624
Drone 2 -4565.800000000003 4950.0 0.3804595470428467
Drone 3 -7148.8 7920.0 17.484479427337646
Drone 4 -1381.5999999999995 1600.0 0.06811308860778809
Drone 5 -3072.0000000000014 3300.0 0.10419750213623047
Sum 3 2 4 -8367.199999999993 11280.0 0.8408441543579102 0.28998303413391113
Drone 0 -1054.5999999999995 1320.0 0.07283663749694824
Drone 1 888.5999999999988 0.0 0.41426801681518555
Drone 2 -4297.600000000002 4700.0 0.27445220947265625
Drone 3 952.8000000000119 0.0 0.8408441543579102
Drone 4 -1721.9999999999995 1910.0 0.0677635669708252
Drone 5 -3134.4000000000024 3350.0 0.0697336196899414
Sum 3 3 0 -5356.599999999996 8480.0 17.12517523765564 5.059122125307719
Drone 0 -182.20000000000005 520.0 0.036249637603759766
Drone 1 899.0000000000034 0.0 13.003414630889893
Drone 2 -3832.0000000000127 4260.0 0.1117863655090332
Drone 3 941.6000000000122 0.0 17.12517523765564
Drone 4 -1768.1999999999998 1950.0 0.027021169662475586
Drone 5 -1414.7999999999988 1750.0 0.051085710525512695
Sum 3 3 1 -18246.599999999995 21250.0 6.794503211975098 2.2553312381108603
Drone 0 -16.800000000000068 370.0 0.26345038414001465
Drone 1 -7661.6 8310.0 5.335485458374023
Drone 2 -1170.9999999999964 1800.0 0.6428167819976807
Drone 3 -7522.0 8260.0 6.794503211975098
Drone 4 -1259.3999999999987 1480.0 0.14865541458129883
Drone 5 -615.8000000000002 1030.0 0.3470761775970459
Sum 3 3 2 -540.7999999999832 4480.0 2.0849156379699707 0.845278819402059
Drone 0 -31.59999999999996 380.0 0.23264431953430176
Drone 1 1122.400000000002 0.0 1.741607666015625
Drone 2 -1093.399999999996 1730.0 0.5760719776153564
Drone 3 953.8000000000103 220.0 2.0849156379699707
Drone 4 -877.1999999999994 1130.0 0.1436748504638672
Drone 5 -614.8000000000002 1020.0 0.2927584648132324
Sum 3 3 3 -26571.400000000005 28960.0 9.896654844284058 2.889097491900126
Drone 0 -1322.3999999999996 1580.0 0.0951237678527832
Drone 1 -7645.2 8290.0 6.908234357833862
Drone 2 -5086.600000000006 5430.0 0.2752115726470947
Drone 3 -7940.0 8640.0 9.896654844284058
Drone 4 -1493.1999999999998 1700.0 0.059096574783325195
Drone 5 -3084.0000000000014 3320.0 0.10026383399963379
Sum 3 3 4 -9595.399999999994 12470.0 0.5779035091400146 0.22793110211690268
Drone 0 -1930.6000000000001 2140.0 0.0642702579498291
Drone 1 888.5999999999988 0.0 0.35858821868896484
Drone 2 -4892.4000000000015 5250.0 0.2335071563720703
Drone 3 1005.6000000000088 0.0 0.5779035091400146
Drone 4 -1797.4 1980.0 0.053082942962646484
Drone 5 -2869.2 3100.0 0.08023452758789062
