Sum 1 1 0 2524.400000000022 860.0 268.67581701278687 56.570511182149254
Drone 0 192.40000000000026 80.0 0.24410605430603027
Drone 1 925.4000000000018 0.0 70.06193971633911
Drone 2 62.99999999999986 480.0 0.21034741401672363
Drone 3 1143.2000000000203 0.0 268.67581701278687
Drone 4 176.59999999999997 110.0 0.1160881519317627
Drone 5 23.80000000000002 190.0 0.11476874351501465
Sum 1 1 1 -19831.399999999998 22640.0 27.443019151687622 8.064078370730082
Drone 0 -1501.6000000000001 1770.0 0.7110822200775146
Drone 1 -7916.399999999996 8600.0 18.81278657913208
Drone 2 299.9999999999997 260.0 0.8497684001922607
Drone 3 -10817.2 11560.0 27.443019151687622
Drone 4 36.0 240.0 0.2433607578277588
Drone 5 67.80000000000005 210.0 0.32445311546325684
Sum 1 1 2 2293.1999999999953 1640.0 10.470432758331299 2.9233019749323526
Drone 0 -366.20000000000005 670.0 0.2503087520599365
Drone 1 1154.3999999999999 40.0 5.705540657043457
Drone 2 65.4000000000001 480.0 0.7036480903625488
Drone 3 1321.1999999999953 40.0 10.470432758331299
Drone 4 150.8 130.0 0.21868133544921875
Drone 5 -32.40000000000003 280.0 0.19120025634765625
Sum 1 1 3 -19386.399999999998 22190.0 102.8365626335144 24.989484469095867
Drone 0 -516.0 830.0 0.5426821708679199
Drone 1 -7660.4 8350.0 45.86540985107422
Drone 2 105.60000000000001 440.0 0.5311307907104492
Drone 3 -10682.4 11440.0 102.8365626335144
Drone 4 -469.79999999999984 710.0 0.08063244819641113
Drone 5 -163.40000000000003 420.0 0.08048892021179199
Sum 1 1 4 1734.2000000000141 1740.0 5.607116460800171 1.491190234820048
Drone 0 -204.00000000000003 500.0 0.24003052711486816
Drone 1 972.4000000000009 0.0 2.4055163860321045
Drone 2 -32.399999999999785 570.0 0.5095992088317871
Drone 3 1161.200000000013 0.0 5.607116460800171
Drone 4 -76.79999999999991 340.0 0.10777473449707031
Drone 5 -86.20000000000003 330.0 0.07710409164428711
Sum 1 2 0 2536.4000000000246 850.0 95.65509366989136 20.181939721107483
Drone 0 192.40000000000026 80.0 0.2851691246032715
Drone 1 925.4000000000042 0.0 24.944201231002808
Drone 2 108.19999999999979 440.0 0.09581279754638672
Drone 3 1143.2000000000203 0.0 95.65509366989136
Drone 4 133.39999999999995 150.0 0.05060434341430664
Drone 5 33.800000000000004 180.0 0.06075716018676758
Sum 1 2 1 -20000.2 22780.0 22.599051237106323 5.9379966259002686
Drone 0 -1466.1999999999998 1740.0 0.29728269577026367
Drone 1 -7705.0 8390.0 11.656234741210938
Drone 2 322.8 240.0 0.4528224468231201
Drone 3 -11126.8 11840.0 22.599051237106323
Drone 4 146.19999999999987 140.0 0.2837331295013428
Drone 5 -171.19999999999993 430.0 0.338855504989624
Sum 1 2 2 2138.3999999999946 1760.0 8.334405899047852 2.3453168869018555
Drone 0 -281.59999999999997 590.0 0.2433323860168457
Drone 1 1135.7999999999984 40.0 4.426851272583008
Drone 2 65.4000000000001 480.0 0.6627545356750488
Drone 3 1174.1999999999962 170.0 8.334405899047852
Drone 4 86.39999999999996 190.0 0.2001028060913086
Drone 5 -41.80000000000006 290.0 0.2044544219970703
Sum 1 2 3 -19335.4 22130.0 49.76832175254822 11.303255875905355
Drone 0 -477.20000000000005 790.0 0.31938767433166504
Drone 1 -7749.200000000001 8430.0 16.902255296707153
Drone 2 127.2 420.0 0.5172808170318604
Drone 3 -10665.2 11420.0 49.76832175254822
Drone 4 -406.6 650.0 0.13718748092651367
Drone 5 -164.40000000000003 420.0 0.17510223388671875
Sum 1 2 4 1724.4000000000058 1730.0 2.428936004638672 0.7000868320465088
Drone 0 -204.00000000000003 500.0 0.2086167335510254
Drone 1 926.9999999999992 0.0 0.8710932731628418
Drone 2 -32.399999999999785 570.0 0.5004444122314453
Drone 3 1188.0000000000064 0.0 2.428936004638672
Drone 4 -76.79999999999991 340.0 0.1131899356842041
Drone 5 -77.40000000000002 320.0 0.07824063301086426
Sum 1 3 0 31.000000000020634 3210.0 28.386592149734497 9.177551428476969
Drone 0 -913.4000000000001 1120.0 0.18148088455200195
Drone 1 925.4000000000042 0.0 28.386592149734497
Drone 2 -356.4000000000005 870.0 0.09239435195922852
Drone 3 1144.800000000017 0.0 26.294281244277954
Drone 4 -300.80000000000007 550.0 0.04799818992614746
Drone 5 -468.59999999999985 670.0 0.0625617504119873
Sum 1 3 1 -20863.8 23590.0 20.017096996307373 6.016429464022319
Drone 0 -1443.2 1720.0 0.7903170585632324
Drone 1 -7687.199999999995 8390.0 14.257826328277588
Drone 2 -43.0 580.0 0.6232175827026367
Drone 3 -11378.6 12070.0 20.017096996307373
Drone 4 4.600000000000001 270.0 0.19328761100769043
Drone 5 -316.4 560.0 0.21683120727539062
Sum 1 3 2 1665.799999999996 2210.0 5.808100461959839 1.8865175247192383
Drone 0 -475.6 770.0 0.4191248416900635
Drone 1 1135.7999999999984 40.0 3.699108123779297
Drone 2 30.000000000000185 510.0 0.7617490291595459
Drone 3 1260.1999999999975 100.0 5.808100461959839
Drone 4 14.40000000000003 260.0 0.3102700710296631
Drone 5 -299.0000000000001 530.0 0.3207526206970215
Sum 1 3 3 -21408.4 24030.0 32.37726807594299 8.663588364919027
Drone 0 -1092.7999999999997 1360.0 0.3721964359283447
Drone 1 -7749.200000000001 8430.0 18.53142285346985
Drone 2 -356.4000000000008 870.0 0.358809232711792
Drone 3 -11199.8 11900.0 32.37726807594299
Drone 4 -519.2 750.0 0.22566485404968262
Drone 5 -490.9999999999997 720.0 0.11616873741149902
Sum 1 3 4 1090.4000000000171 2330.0 1.7968416213989258 0.5577682654062907
Drone 0 -336.2 640.0 0.25715184211730957
Drone 1 926.9999999999992 0.0 0.8239195346832275
Drone 2 -120.39999999999971 650.0 0.356722354888916
Drone 3 1181.8000000000175 0.0 1.7968416213989258
Drone 4 -247.20000000000005 500.0 0.06548118591308594
Drone 5 -314.5999999999999 540.0 0.0464930534362793
Sum 2 1 0 2221.2000000000216 1160.0 257.3920166492462 52.553164760271706
Drone 0 -397.79999999999995 700.0 0.12745451927185059
Drone 1 925.4000000000018 0.0 57.245720863342285
Drone 2 222.99999999999983 320.0 0.22843718528747559
Drone 3 1143.2000000000203 0.0 257.3920166492462
Drone 4 186.19999999999993 30.0 0.09087777137756348
Drone 5 141.2 110.0 0.2344815731048584
Sum 2 1 1 -19250.199999999993 22120.0 23.40917205810547 6.316020051638286
Drone 0 -944.7999999999998 1290.0 0.6374526023864746
Drone 1 -7916.399999999996 8600.0 12.87494945526123
Drone 2 384.5999999999997 170.0 0.5473647117614746
Drone 3 -10817.2 11560.0 23.40917205810547
Drone 4 188.3999999999999 30.0 0.1298201084136963
Drone 5 -144.80000000000013 470.0 0.2973613739013672
Sum 2 1 2 2825.599999999995 1150.0 5.876758337020874 1.7422521114349365
Drone 0 -77.40000000000006 440.0 0.2398982048034668
Drone 1 1154.3999999999999 40.0 3.737603187561035
Drone 2 214.5999999999998 330.0 0.3681502342224121
Drone 3 1321.1999999999953 40.0 5.876758337020874
Drone 4 131.79999999999995 80.0 0.07684803009033203
Drone 5 81.00000000000003 220.0 0.15425467491149902
Sum 2 1 3 -19251.8 22090.0 98.54644012451172 22.972702463467915
Drone 0 -1107.5999999999997 1430.0 0.3841259479522705
Drone 1 -7660.4 8350.0 38.25380206108093
Drone 2 265.5999999999997 280.0 0.5113685131072998
Drone 3 -10682.4 11440.0 98.54644012451172
Drone 4 2.6000000000000227 200.0 0.03364205360412598
Drone 5 -69.60000000000015 390.0 0.10683608055114746
Sum 2 1 4 1514.6000000000142 1940.0 4.796458721160889 1.3190897305806477
Drone 0 -607.3999999999999 910.0 0.12398624420166016
Drone 1 972.4000000000009 0.0 2.5152831077575684
Drone 2 127.60000000000011 410.0 0.35862159729003906
Drone 3 1161.200000000013 0.0 4.796458721160889
Drone 4 -67.19999999999999 260.0 0.031363725662231445
Drone 5 -72.0 360.0 0.08882498741149902
Sum 2 2 0 2277.4000000000237 1110.0 82.4982533454895 17.899298429489136
Drone 0 -397.79999999999995 700.0 0.1198728084564209
Drone 1 925.4000000000042 0.0 24.263925552368164
Drone 2 279.19999999999965 270.0 0.16967511177062988
Drone 3 1143.2000000000203 0.0 82.4982533454895
Drone 4 186.19999999999993 30.0 0.04856467247009277
Drone 5 141.2 110.0 0.2954990863800049
Sum 2 2 1 -19333.399999999998 22170.0 19.294679880142212 5.384782115618388
Drone 0 -891.0 1230.0 0.46855711936950684
Drone 1 -7705.0 8390.0 11.276589632034302
Drone 2 386.9999999999995 170.0 0.7003519535064697
Drone 3 -11126.8 11840.0 19.294679880142212
Drone 4 147.19999999999996 70.0 0.13918828964233398
Drone 5 -144.80000000000013 470.0 0.42932581901550293
Sum 2 2 2 2659.399999999994 1280.0 6.3086254596710205 1.7794331312179565
Drone 0 -77.40000000000006 440.0 0.2369832992553711
Drone 1 1135.7999999999984 40.0 3.3783700466156006
Drone 2 214.5999999999998 330.0 0.5055930614471436
Drone 3 1174.1999999999962 170.0 6.3086254596710205
Drone 4 131.19999999999996 80.0 0.07685017585754395
Drone 5 81.00000000000003 220.0 0.17017674446105957
Sum 2 2 3 -19433.8 22240.0 34.524484634399414 7.937544306119283
Drone 0 -1347.6 1640.0 0.34055662155151367
Drone 1 -7749.200000000001 8430.0 12.264670372009277
Drone 2 265.5999999999997 280.0 0.28728723526000977
Drone 3 -10665.2 11420.0 34.524484634399414
Drone 4 132.20000000000002 80.0 0.0321042537689209
Drone 5 -69.60000000000015 390.0 0.1761627197265625
Sum 2 2 4 1496.0000000000057 1940.0 1.5518598556518555 0.44917718569437665
Drone 0 -607.3999999999999 910.0 0.08858132362365723
Drone 1 926.9999999999992 0.0 0.5632658004760742
Drone 2 127.60000000000011 410.0 0.3194692134857178
Drone 3 1188.0000000000064 0.0 1.5518598556518555
Drone 4 -67.19999999999999 260.0 0.05165386199951172
Drone 5 -72.0 360.0 0.12023305892944336
Sum 2 3 0 1020.8000000000213 2310.0 20.23942995071411 6.381490031878154
Drone 0 -635.0 930.0 0.07031440734863281
Drone 1 925.4000000000042 0.0 20.23942995071411
Drone 2 49.59999999999977 480.0 0.08490538597106934
Drone 3 1144.800000000017 0.0 17.82833480834961
Drone 4 33.20000000000003 170.0 0.01907181739807129
Drone 5 -497.19999999999976 730.0 0.04688382148742676
Sum 2 3 1 -20220.59999999999 23000.0 13.06522011756897 3.846836050351461
Drone 0 -1303.1999999999998 1610.0 0.48577332496643066
Drone 1 -7687.199999999995 8390.0 8.559364795684814
Drone 2 117.00000000000013 420.0 0.5413696765899658
Drone 3 -11378.6 12070.0 13.06522011756897
Drone 4 166.99999999999994 50.0 0.09106636047363281
Drone 5 -135.60000000000005 460.0 0.33822202682495117
Sum 2 3 2 1769.7999999999956 2110.0 3.5522236824035645 1.1506940523783367
Drone 0 -761.8000000000001 1070.0 0.3009786605834961
Drone 1 1135.7999999999984 40.0 2.4045488834381104
Drone 2 189.9999999999999 350.0 0.39068031311035156
Drone 3 1260.1999999999975 100.0 3.5522236824035645
Drone 4 79.20000000000002 130.0 0.09089875221252441
Drone 5 -133.60000000000022 420.0 0.16483402252197266
Sum 2 3 3 -21569.4 24190.0 15.849676609039307 4.154473066329956
Drone 0 -1866.6000000000001 2120.0 0.1667923927307129
Drone 1 -7749.200000000001 8430.0 8.533392906188965
Drone 2 -66.80000000000035 590.0 0.24130010604858398
Drone 3 -11199.8 11900.0 15.849676609039307
Drone 4 -86.19999999999997 280.0 0.035668134689331055
Drone 5 -600.8 870.0 0.10000824928283691
Sum 2 3 4 393.8000000000171 2960.0 0.9567291736602783 0.2928017775217692
Drone 0 -1048.1999999999998 1330.0 0.0985574722290039
Drone 1 926.9999999999992 0.0 0.4084968566894531
Drone 2 39.60000000000022 490.0 0.19923853874206543
Drone 3 1181.8000000000175 0.0 0.9567291736602783
Drone 4 -117.39999999999995 310.0 0.03045654296875
Drone 5 -589.0 830.0 0.06333208084106445
Sum 3 1 0 -3564.999999999988 6560.0 4437.458367824554 746.1521706581116
Drone 0 -165.00000000000003 410.0 0.03980374336242676
Drone 1 956.0000000000017 0.0 39.1239652633667
Drone 2 -1057.3999999999996 1470.0 0.08541727066040039
Drone 3 815.000000000008 0.0 4437.458367824554
Drone 4 -896.3999999999997 1070.0 0.03322553634643555
Drone 5 -3217.1999999999985 3610.0 0.17224431037902832
Sum 3 1 1 -21902.1 24550.0 8.702747821807861 3.294365485509237
Drone 0 -70.79999999999994 350.0 0.19127941131591797
Drone 1 -8610.0 9260.0 8.702747821807861
Drone 2 -2260.099999999999 2670.0 1.083622694015503
Drone 3 -6007.0 6690.0 8.400237798690796
Drone 4 -984.4000000000001 1180.0 0.17499637603759766
Drone 5 -3969.7999999999997 4400.0 1.2133088111877441
Sum 3 1 2 38.100000000010596 3720.0 2.950387716293335 1.3265567620595295
Drone 0 -55.69999999999998 330.0 0.13736414909362793
Drone 1 1197.8000000000006 0.0 2.943329095840454
Drone 2 -631.6000000000001 1100.0 0.869340181350708
Drone 3 980.0000000000095 40.0 2.950387716293335
Drone 4 -271.2 500.0 0.11556816101074219
Drone 5 -1181.1999999999994 1750.0 0.9433512687683105
Sum 3 1 3 -25056.20000000001 27430.0 31.85733389854431 9.807807008425394
Drone 0 -876.9999999999999 1100.0 0.07008790969848633
Drone 1 -8501.6 9160.0 26.338177919387817
Drone 2 -2356.2000000000016 2730.0 0.20441579818725586
Drone 3 -6008.4 6690.0 31.85733389854431
Drone 4 -1769.2000000000003 1900.0 0.053890228271484375
Drone 5 -5543.800000000005 5850.0 0.3229362964630127
Sum 3 1 4 -6204.5999999999985 9120.0 1.6951723098754883 0.5879302819569906
Drone 0 -517.2 750.0 0.04500436782836914
Drone 1 950.6000000000013 0.0 1.4776897430419922
Drone 2 -1938.2000000000007 2320.0 0.10855460166931152
Drone 3 835.2000000000066 0.0 1.6951723098754883
Drone 4 -913.1999999999997 1090.0 0.0511777400970459
Drone 5 -4621.800000000007 4960.0 0.14998292922973633
Sum 3 2 0 -3283.599999999986 6300.0 30.319337844848633 7.206508636474609
Drone 0 -165.00000000000003 410.0 0.03398537635803223
Drone 1 956.0000000000048 0.0 12.586616516113281
Drone 2 -1058.3999999999996 1470.0 0.08337736129760742
Drone 3 815.000000000008 0.0 30.319337844848633
Drone 4 -700.5999999999999 890.0 0.04348039627075195
Drone 5 -3130.599999999999 3530.0 0.17225432395935059
Sum 3 2 1 -22104.1 24720.0 6.815657138824463 2.521339495976766
Drone 0 -70.79999999999994 350.0 0.18434453010559082
Drone 1 -8908.2 9530.0 6.815657138824463
Drone 2 -2413.399999999999 2810.0 0.9651029109954834
Drone 3 -6215.4 6880.0 5.964659929275513
Drone 4 -1008.0 1200.0 0.15520572662353516
Drone 5 -3488.300000000001 3950.0 1.0430667400360107
Sum 3 2 2 61.100000000014916 3690.0 1.989940881729126 0.8858757019042969
Drone 0 -55.69999999999998 330.0 0.17252326011657715
Drone 1 1073.6000000000038 120.0 1.989940881729126
Drone 2 -628.5999999999989 1100.0 0.511223554611206
Drone 3 1004.6000000000079 0.0 1.7865028381347656
Drone 4 -271.6 500.0 0.1079397201538086
Drone 5 -1061.199999999998 1640.0 0.7471239566802979
Sum 3 2 3 -24890.000000000007 27260.0 12.164035081863403 3.5601119995117188
Drone 0 -876.9999999999999 1100.0 0.05626273155212402
Drone 1 -8494.8 9150.0 8.788565158843994
Drone 2 -2427.6000000000013 2800.0 0.13233208656311035
Drone 3 -6194.2 6860.0 12.164035081863403
Drone 4 -1707.4 1840.0 0.04772543907165527
Drone 5 -5189.000000000004 5510.0 0.1717514991760254
Sum 3 2 4 -6071.799999999998 8990.0 0.5758647918701172 0.213929812113444
Drone 0 -517.2 750.0 0.035291433334350586
Drone 1 964.9999999999998 0.0 0.46434879302978516
Drone 2 -1822.7999999999995 2210.0 0.08346223831176758
Drone 3 818.6000000000075 0.0 0.5758647918701172
Drone 4 -893.5999999999996 1070.0 0.02906632423400879
Drone 5 -4621.800000000007 4960.0 0.09554529190063477
Sum 3 3 0 -3929.3999999999824 6910.0 12.024944305419922 3.7168944676717124
Drone 0 -248.79999999999998 490.0 0.03813767433166504
Drone 1 956.000000000009 0.0 10.019527435302734
Drone 2 -1015.3999999999994 1440.0 0.08808398246765137
Drone 3 815.000000000008 0.0 12.024944305419922
Drone 4 -777.5999999999999 960.0 0.023276090621948242
Drone 5 -3658.6 4020.0 0.10739731788635254
Sum 3 3 1 -22517.700000000008 25090.0 5.543409585952759 2.1209857861200967
Drone 0 -190.99999999999994 460.0 0.19453024864196777
Drone 1 -9062.2 9670.0 5.543409585952759
Drone 2 -2048.6 2470.0 0.9812760353088379
Drone 3 -6381.8 7030.0 4.7824835777282715
Drone 4 -1095.0000000000002 1280.0 0.20365381240844727
Drone 5 -3739.100000000006 4180.0 1.0205614566802979
Sum 3 3 2 -1205.199999999987 4850.0 1.8831400871276855 0.769838293393453
Drone 0 14.80000000000004 260.0 0.14540958404541016
Drone 1 1073.6000000000038 120.0 1.8831400871276855
Drone 2 -1060.0 1510.0 0.5737502574920654
Drone 3 854.800000000007 110.0 1.2051148414611816
Drone 4 -668.0000000000003 880.0 0.1347949504852295
Drone 5 -1420.3999999999974 1970.0 0.6768200397491455
Sum 3 3 3 -25898.600000000002 28170.0 7.974716424942017 2.541356364885966
Drone 0 -1099.8 1300.0 0.05222296714782715
Drone 1 -8670.8 9310.0 7.974716424942017
Drone 2 -2451.000000000002 2820.0 0.12500977516174316
Drone 3 -6310.2 6960.0 6.888658046722412
Drone 4 -1896.2000000000003 2010.0 0.03496074676513672
Drone 5 -5470.600000000001 5770.0 0.17257022857666016
Sum 3 3 4 -6431.449999999993 9370.0 0.41275906562805176 0.16967852910359701
Drone 0 -601.6 820.0 0.03089761734008789
Drone 1 960.7999999999996 0.0 0.41275906562805176
Drone 2 -1581.9999999999986 1990.0 0.08334946632385254
Drone 3 858.800000000004 20.0 0.37436676025390625
Drone 4 -1664.8499999999997 1800.0 0.02811264991760254
Drone 5 -4402.5999999999985 4740.0 0.08858561515808105
