Sum 1 1 0 2076.0000000000055 860.0 163.24663376808167 34.33293032646179
Drone 0 334.00000000000017 0.0 0.1636204719543457
Drone 1 924.4000000000035 0.0 42.29241895675659
Drone 2 152.39999999999998 110.0 0.16303443908691406
Drone 3 1065.000000000002 0.0 163.24663376808167
Drone 4 -587.6000000000003 710.0 0.044538021087646484
Drone 5 187.79999999999995 40.0 0.08733630180358887
Sum 1 1 1 -18809.000000000004 21250.0 21.117854356765747 5.928045312563579
Drone 0 -250.20000000000002 610.0 1.3195281028747559
Drone 1 -8101.0 8750.0 11.077903032302856
Drone 2 -306.20000000000016 610.0 1.289278268814087
Drone 3 -9721.2 10440.0 21.117854356765747
Drone 4 -197.2 380.0 0.5782485008239746
Drone 5 -233.2000000000001 460.0 0.18545961380004883
Sum 1 1 2 1106.700000000006 2280.0 5.723623752593994 1.8805416027704875
Drone 0 -500.5999999999999 830.0 0.6274211406707764
Drone 1 872.4000000000043 250.0 3.938992738723755
Drone 2 60.3000000000001 240.0 0.6841020584106445
Drone 3 835.4000000000012 400.0 5.723623752593994
Drone 4 -146.19999999999987 310.0 0.1813509464263916
Drone 5 -14.59999999999992 250.0 0.12775897979736328
Sum 1 1 3 -21222.399999999994 23420.0 91.59194993972778 21.64620514710744
Drone 0 -448.9999999999999 780.0 0.35108327865600586
Drone 1 -8037.400000000001 8690.0 37.534069299697876
Drone 2 -702.6999999999998 950.0 0.24708342552185059
Drone 3 -9549.6 10280.0 91.59194993972778
Drone 4 -1554.1000000000004 1620.0 0.0606837272644043
Drone 5 -929.5999999999993 1100.0 0.0923612117767334
Sum 1 1 4 637.4000000000137 2290.0 4.451123237609863 1.1480727593104045
Drone 0 312.8000000000003 20.0 0.1452929973602295
Drone 1 934.4000000000103 0.0 2.051057815551758
Drone 2 -460.19999999999993 700.0 0.14142251014709473
Drone 3 1097.800000000003 10.0 4.451123237609863
Drone 4 -1132.8000000000002 1220.0 0.04391288757324219
Drone 5 -114.59999999999988 340.0 0.05562710762023926
Sum 1 2 0 2146.8000000000093 800.0 54.77118682861328 14.133200486501059
Drone 0 334.0000000000002 0.0 0.1611170768737793
Drone 1 924.4000000000108 0.0 29.70811676979065
Drone 2 219.99999999999991 50.0 0.0683140754699707
Drone 3 1068.1999999999987 0.0 54.77118682861328
Drone 4 -587.6000000000003 710.0 0.03817558288574219
Drone 5 187.79999999999995 40.0 0.052292585372924805
Sum 1 2 1 -19348.200000000004 21740.0 20.157336473464966 6.0847640832265215
Drone 0 -250.20000000000002 610.0 1.2563114166259766
Drone 1 -8596.0 9200.0 13.230665445327759
Drone 2 -416.2000000000002 710.0 0.9931595325469971
Drone 3 -9655.400000000001 10380.0 20.157336473464966
Drone 4 -197.2 380.0 0.6320104598999023
Drone 5 -233.2000000000001 460.0 0.23910117149353027
Sum 1 2 2 820.5000000000159 2480.0 4.122964382171631 1.5657971302668254
Drone 0 -576.5999999999999 900.0 0.9441330432891846
Drone 1 986.8000000000096 110.0 3.4158976078033447
Drone 2 28.10000000000001 270.0 0.512444257736206
Drone 3 543.000000000006 640.0 4.122964382171631
Drone 4 -146.19999999999987 310.0 0.2514457702636719
Drone 5 -14.59999999999992 250.0 0.14789772033691406
Sum 1 2 3 -21125.299999999996 23320.0 43.3453152179718 11.33233372370402
Drone 0 -448.9999999999999 780.0 0.3655695915222168
Drone 1 -8553.6 9160.0 23.8820903301239
Drone 2 -526.9999999999997 770.0 0.25861072540283203
Drone 3 -9112.0 9890.0 43.3453152179718
Drone 4 -1554.1000000000004 1620.0 0.06677699089050293
Drone 5 -929.5999999999993 1100.0 0.07563948631286621
Sum 1 2 4 970.0000000000132 1970.0 14517.644695997238 2420.087468703588
Drone 0 312.8000000000003 20.0 0.08046650886535645
Drone 1 968.2000000000102 0.0 14517.644695997238
Drone 2 -101.20000000000024 360.0 0.13630199432373047
Drone 3 1037.600000000003 30.0 2.550816297531128
Drone 4 -1132.8000000000002 1220.0 0.07232546806335449
Drone 5 -114.59999999999988 340.0 0.040205955505371094
Sum 1 3 0 1483.2000000000114 1410.0 17.6200954914093 3.8832002878189087
Drone 0 287.00000000000017 40.0 0.12468814849853516
Drone 1 924.4000000000107 0.0 5.287181854248047
Drone 2 100.19999999999999 150.0 0.06740856170654297
Drone 3 1064.600000000001 0.0 17.6200954914093
Drone 4 -1100.8000000000002 1200.0 0.0587458610534668
Drone 5 207.79999999999995 20.0 0.1410818099975586
Sum 1 3 1 -19886.200000000004 22230.0 16.189399480819702 5.241438865661621
Drone 0 -358.6 710.0 1.68159818649292
Drone 1 -8532.4 9140.0 11.461824417114258
Drone 2 -362.0000000000002 660.0 1.2124810218811035
Drone 3 -10016.800000000001 10710.0 16.189399480819702
Drone 4 -220.2000000000001 400.0 0.5960474014282227
Drone 5 -396.20000000000016 610.0 0.3072826862335205
Sum 1 3 2 600.500000000007 2740.0 3.8357508182525635 1.5399941603342693
Drone 0 -27.399999999999945 380.0 1.0482072830200195
Drone 1 1129.4000000000074 10.0 3.3349413871765137
Drone 2 -138.10000000000005 420.0 0.6187756061553955
Drone 3 -53.60000000000048 1230.0 3.8357508182525635
Drone 4 -110.59999999999997 280.0 0.1896829605102539
Drone 5 -199.20000000000007 420.0 0.21260690689086914
Sum 1 3 3 -22141.6 24260.0 28.726486206054688 7.586525599161784
Drone 0 -655.3999999999997 960.0 0.2667689323425293
Drone 1 -8534.599999999999 9140.0 16.1478431224823
Drone 2 -1325.2000000000007 1540.0 0.26737189292907715
Drone 3 -9328.6 10080.0 28.726486206054688
Drone 4 -1425.0000000000005 1500.0 0.043404579162597656
Drone 5 -872.7999999999995 1040.0 0.06727886199951172
Sum 1 3 4 499.0000000000063 2420.0 1.843318223953247 0.4751689036687215
Drone 0 232.80000000000004 90.0 0.06748723983764648
Drone 1 991.2000000000078 0.0 0.7636313438415527
Drone 2 -738.2000000000003 960.0 0.06264996528625488
Drone 3 1077.799999999999 0.0 1.843318223953247
Drone 4 -590.8 710.0 0.06158900260925293
Drone 5 -473.80000000000024 660.0 0.052337646484375
Sum 2 1 0 2996.200000000009 10.0 149.27836298942566 33.84822460015615
Drone 0 434.39999999999924 10.0 0.27770185470581055
Drone 1 905.2000000000089 0.0 51.27531409263611
Drone 2 272.59999999999974 0.0 0.20737171173095703
Drone 3 977.6000000000012 0.0 149.27836298942566
Drone 4 207.40000000000006 0.0 1.6641740798950195
Drone 5 199.00000000000003 0.0 0.38642287254333496
Sum 2 1 1 -16775.7 19380.0 21.733865976333618 7.359416365623474
Drone 0 -1031.0 1470.0 4.639145612716675
Drone 1 -7935.8 8570.0 14.670984506607056
Drone 2 279.5999999999999 10.0 0.603102445602417
Drone 3 -8180.6 8900.0 21.733865976333618
Drone 4 178.09999999999997 110.0 1.943906307220459
Drone 5 -86.00000000000001 320.0 0.5654933452606201
Sum 2 1 2 2187.600000000011 1280.0 4.9181272983551025 2.180162707964579
Drone 0 -35.00000000000014 510.0 2.437030792236328
Drone 1 881.00000000001 190.0 4.0218377113342285
Drone 2 230.19999999999996 50.0 0.37850332260131836
Drone 3 728.4000000000007 400.0 4.9181272983551025
Drone 4 241.00000000000026 40.0 1.0549824237823486
Drone 5 142.00000000000003 90.0 0.2704946994781494
Sum 2 1 3 -17155.000000000004 19640.0 52.785319566726685 14.493298848470053
Drone 0 -1580.3000000000006 1950.0 2.0033817291259766
Drone 1 -7733.8 8370.0 31.266937017440796
Drone 2 287.5999999999998 0.0 0.10244274139404297
Drone 3 -8017.4 8750.0 52.785319566726685
Drone 4 244.10000000000002 10.0 0.7248952388763428
Drone 5 -355.20000000000005 560.0 0.07681679725646973
Sum 2 1 4 2817.8000000000075 270.0 2.7567391395568848 0.7667104403177897
Drone 0 234.19999999999976 200.0 0.19759750366210938
Drone 1 909.2000000000083 0.0 1.3715441226959229
Drone 2 276.5999999999998 0.0 0.06766080856323242
Drone 3 1028.9999999999995 10.0 2.7567391395568848
Drone 4 205.80000000000004 0.0 0.13667702674865723
Drone 5 162.99999999999997 60.0 0.07004404067993164
Sum 2 2 0 2988.6000000000013 20.0 71.20513153076172 16.025004744529724
Drone 0 423.7999999999993 20.0 0.3550283908843994
Drone 1 905.2000000000032 0.0 22.61616587638855
Drone 2 275.1999999999997 0.0 0.2596869468688965
Drone 3 977.5999999999988 0.0 71.20513153076172
Drone 4 207.40000000000012 0.0 1.5515482425689697
Drone 5 199.39999999999995 0.0 0.16246747970581055
Sum 2 2 1 -17016.699999999997 19600.0 15.580901384353638 5.097633083661397
Drone 0 -954.8000000000003 1400.0 2.5946710109710693
Drone 1 -8353.8 8950.0 10.116036415100098
Drone 2 289.59999999999974 0.0 0.5108129978179932
Drone 3 -8222.199999999999 8940.0 15.580901384353638
Drone 4 210.29999999999995 80.0 1.4898319244384766
Drone 5 14.200000000000003 230.0 0.2935447692871094
Sum 2 2 2 2258.5000000000114 1250.0 4.001763582229614 1.841376264890035
Drone 0 -35.00000000000014 510.0 2.066798686981201
Drone 1 920.0000000000119 190.0 4.001763582229614
Drone 2 230.99999999999994 50.0 0.4515392780303955
Drone 3 752.9999999999991 380.0 3.4124388694763184
Drone 4 241.1000000000003 40.0 0.8993527889251709
Drone 5 148.39999999999992 80.0 0.21636438369750977
Sum 2 2 3 -17167.700000000004 19700.0 42.36941957473755 11.267807046572367
Drone 0 -1538.3000000000006 1910.0 1.2486658096313477
Drone 1 -8266.2 8870.0 22.684574127197266
Drone 2 287.59999999999985 0.0 0.12270164489746094
Drone 3 -7804.400000000001 8560.0 42.36941957473755
Drone 4 238.50000000000014 40.0 0.945115327835083
Drone 5 -84.9 320.0 0.23636579513549805
Sum 2 2 4 2734.0000000000077 330.0 1.989344596862793 0.5671222607294718
Drone 0 234.19999999999976 200.0 0.2800133228302002
Drone 1 925.6000000000099 0.0 0.8700869083404541
Drone 2 276.59999999999974 0.0 0.0506441593170166
Drone 3 959.399999999998 40.0 1.989344596862793
Drone 4 205.80000000000015 0.0 0.13826370239257812
Drone 5 132.4 90.0 0.07438087463378906
Sum 2 3 0 2317.4000000000096 640.0 12.770516157150269 3.8729753891626992
Drone 0 -246.00000000000045 640.0 0.30990004539489746
Drone 1 905.2000000000103 0.0 7.239278316497803
Drone 2 262.7999999999998 0.0 0.3811826705932617
Drone 3 973.9999999999999 0.0 12.770516157150269
Drone 4 209.4000000000001 0.0 2.453856945037842
Drone 5 212.0 0.0 0.08311820030212402
Sum 2 3 1 -18754.7 21180.0 11.641037702560425 4.113786617914836
Drone 0 -1345.0000000000005 1760.0 2.694767475128174
Drone 1 -8508.2 9090.0 8.24232268333435
Drone 2 288.1999999999998 0.0 0.5451486110687256
Drone 3 -9158.2 9790.0 11.641037702560425
Drone 4 231.49999999999994 60.0 0.9272615909576416
Drone 5 -263.0 480.0 0.6321816444396973
Sum 2 3 2 1947.700000000015 1520.0 3.7430038452148438 1.5396698315938313
Drone 0 86.39999999999941 390.0 1.1700282096862793
Drone 1 1110.000000000008 10.0 3.1881327629089355
Drone 2 254.79999999999987 30.0 0.36814451217651367
Drone 3 164.6000000000074 920.0 3.7430038452148438
Drone 4 251.50000000000014 30.0 0.5410420894622803
Drone 5 80.4 140.0 0.22766757011413574
Sum 2 3 3 -18212.000000000004 20630.0 19.328760623931885 5.6829880475997925
Drone 0 -2391.1000000000013 2700.0 0.9529464244842529
Drone 1 -8246.2 8850.0 13.009151458740234
Drone 2 286.39999999999986 0.0 0.12158894538879395
Drone 3 -8068.8 8800.0 19.328760623931885
Drone 4 234.89999999999998 30.0 0.5390832424163818
Drone 5 -27.200000000000017 250.0 0.14639759063720703
Sum 2 3 4 2465.0000000000146 590.0 0.8677923679351807 0.3613588015238444
Drone 0 142.39999999999958 280.0 0.19031715393066406
Drone 1 955.6000000000078 0.0 0.8677923679351807
Drone 2 277.19999999999993 0.0 0.10880208015441895
Drone 3 997.2000000000072 0.0 0.8475992679595947
Drone 4 208.20000000000013 0.0 0.08345365524291992
Drone 5 -115.60000000000002 310.0 0.07018828392028809
Sum 3 1 0 2291.000000000001 670.0 65.72176265716553 13.976357221603394
Drone 0 69.20000000000019 410.0 0.5542764663696289
Drone 1 642.2000000000014 0.0 16.160667181015015
Drone 2 304.39999999999964 110.0 0.14589333534240723
Drone 3 587.1999999999994 0.0 65.72176265716553
Drone 4 452.6000000000003 10.0 0.5465087890625
Drone 5 235.39999999999995 140.0 0.7290349006652832
Sum 3 1 1 -12174.500000000002 15120.0 6.464407920837402 4.694094181060791
Drone 0 -1519.9000000000005 2020.0 5.066157102584839
Drone 1 -4413.6 4980.0 6.264438629150391
Drone 2 -167.80000000000027 590.0 1.3325858116149902
Drone 3 -2601.8000000000006 3250.0 6.464407920837402
Drone 4 -2158.6 2600.0 5.6358866691589355
Drone 5 -1312.799999999999 1680.0 3.4010889530181885
Sum 3 1 2 2172.400000000011 1430.0 3.7778377532958984 2.248745401700338
Drone 0 -211.00000000000009 760.0 2.292879819869995
Drone 1 693.6000000000059 160.0 3.7778377532958984
Drone 2 304.3999999999998 140.0 0.9355888366699219
Drone 3 793.2000000000048 0.0 2.5927982330322266
Drone 4 392.0000000000008 130.0 2.108856678009033
Drone 5 200.1999999999997 240.0 1.7845110893249512
Sum 3 1 3 -13296.900000000009 16040.0 17.559395790100098 7.701996326446533
Drone 0 -2550.600000000002 2920.0 1.3459103107452393
Drone 1 -4284.0 4860.0 16.533666610717773
Drone 2 -384.2000000000005 770.0 0.23203492164611816
Drone 3 -2358.1999999999994 3020.0 17.559395790100098
Drone 4 -2151.700000000008 2580.0 8.803804159164429
Drone 5 -1568.1999999999996 1890.0 1.737166166305542
Sum 3 1 4 1194.0 1760.0 1.039952039718628 0.6224441528320312
Drone 0 -720.599999999999 1160.0 0.5300252437591553
Drone 1 649.0000000000008 0.0 0.9735126495361328
Drone 2 -164.80000000000047 550.0 0.18007349967956543
Drone 3 600.9999999999984 0.0 0.7671260833740234
Drone 4 462.8000000000004 0.0 1.039952039718628
Drone 5 366.6 50.0 0.24397540092468262
Sum 3 2 0 2611.300000000001 370.0 42.245673418045044 8.29057252407074
Drone 0 213.4000000000003 270.0 0.3311429023742676
Drone 1 642.2000000000014 0.0 5.9116270542144775
Drone 2 326.59999999999974 90.0 0.14660096168518066
Drone 3 587.1999999999994 0.0 42.245673418045044
Drone 4 452.59999999999997 10.0 0.660742998123169
Drone 5 389.30000000000024 0.0 0.4476478099822998
Sum 3 2 1 -13170.099999999999 16050.0 6.687879800796509 3.911340276400248
Drone 0 -1507.0 2010.0 4.047069549560547
Drone 1 -4347.0 4920.0 5.564394235610962
Drone 2 -167.8000000000003 590.0 1.220170021057129
Drone 3 -2874.8 3500.0 6.687879800796509
Drone 4 -2300.9999999999995 2740.0 3.598879098892212
Drone 5 -1972.499999999999 2290.0 2.349648952484131
Sum 3 2 2 2465.500000000008 1130.0 2.7165846824645996 1.635701020558675
Drone 0 76.50000000000031 470.0 1.7517030239105225
Drone 1 838.6000000000063 20.0 2.7165846824645996
Drone 2 285.59999999999997 160.0 0.8117403984069824
Drone 3 734.200000000001 20.0 1.8824853897094727
Drone 4 501.0000000000005 60.0 1.5826139450073242
Drone 5 29.59999999999986 400.0 1.0690786838531494
Sum 3 2 3 -13810.800000000003 16520.0 8.603930711746216 3.471366047859192
Drone 0 -2870.6000000000013 3230.0 0.9266495704650879
Drone 1 -4369.0 4940.0 7.803865671157837
Drone 2 -427.40000000000043 810.0 0.15479326248168945
Drone 3 -2271.2 2940.0 8.603930711746216
Drone 4 -1830.6000000000004 2260.0 2.592209815979004
Drone 5 -2042.0000000000018 2340.0 0.7467472553253174
Sum 3 2 4 1020.4000000000008 1930.0 0.5648961067199707 0.27277640501658124
Drone 0 -1016.7999999999995 1440.0 0.21648716926574707
Drone 1 651.0000000000007 0.0 0.33113932609558105
Drone 2 -45.200000000000195 440.0 0.07324838638305664
Drone 3 627.1999999999992 0.0 0.5648961067199707
Drone 4 463.4000000000004 0.0 0.32401227951049805
Drone 5 340.8000000000001 50.0 0.1268751621246338
Sum 3 3 0 880.1000000000005 1990.0 16.93280529975891 4.3891832033793134
Drone 0 -848.5999999999998 1280.0 0.2567145824432373
Drone 1 642.2000000000014 0.0 5.022692680358887
Drone 2 321.5999999999998 90.0 0.24493646621704102
Drone 3 587.1999999999994 0.0 16.93280529975891
Drone 4 445.0999999999998 20.0 3.5442583560943604
Drone 5 -267.4 600.0 0.3336918354034424
Sum 3 3 1 -13543.399999999998 16380.0 4.552840709686279 3.0982744296391806
Drone 0 -1369.2 1880.0 3.2718923091888428
Drone 1 -4613.4 5160.0 3.9956088066101074
Drone 2 174.8000000000001 270.0 1.2815747261047363
Drone 3 -3028.4 3640.0 4.552840709686279
Drone 4 -2877.4000000000005 3270.0 3.3767006397247314
Drone 5 -1829.7999999999993 2160.0 2.1110293865203857
Sum 3 3 2 2374.4000000000124 1190.0 1.9758546352386475 1.3545432090759277
Drone 0 -6.299999999999635 550.0 1.824625015258789
Drone 1 836.6000000000063 20.0 1.9758546352386475
Drone 2 310.80000000000007 110.0 0.9436399936676025
Drone 3 737.6000000000055 30.0 1.2104406356811523
Drone 4 475.6000000000005 70.0 1.1665470600128174
Drone 5 20.100000000000026 410.0 1.0061519145965576
Sum 3 3 3 -15357.900000000003 17940.0 5.509566783905029 2.3838836352030435
Drone 0 -3681.7000000000025 3980.0 0.645190954208374
Drone 1 -4385.0 4950.0 5.509566783905029
Drone 2 -272.00000000000045 670.0 0.15518736839294434
Drone 3 -2755.1999999999994 3380.0 5.402581214904785
Drone 4 -2005.1000000000006 2420.0 2.1541006565093994
Drone 5 -2258.9000000000015 2540.0 0.4366748332977295
Sum 3 3 4 388.4999999999984 2500.0 0.37830209732055664 0.21534125010172525
Drone 0 -1075.4 1490.0 0.2233741283416748
Drone 1 661.0000000000001 0.0 0.2312617301940918
Drone 2 -235.0000000000004 610.0 0.08706879615783691
Drone 3 602.1999999999985 0.0 0.37830209732055664
Drone 4 467.3000000000003 0.0 0.25490379333496094
Drone 5 -31.600000000000023 400.0 0.11713695526123047
