Sum 1 1 0 2469.600000000002 240.0 67.95133185386658 14.751153031984964
Drone 0 80.39999999999999 0.0 0.661524772644043
Drone 1 412.3999999999984 0.0 14.8940908908844
Drone 2 437.0000000000001 170.0 2.0087900161743164
Drone 3 861.8000000000035 0.0 67.95133185386658
Drone 4 197.20000000000013 0.0 1.8770921230316162
Drone 5 480.80000000000007 70.0 1.114088535308838
Sum 1 1 1 -12665.599999999997 15380.0 13.185847997665405 6.300420959790547
Drone 0 120.99999999999997 0.0 1.230940341949463
Drone 1 -120.0 720.0 3.6560537815093994
Drone 2 -3086.9999999999977 3650.0 9.999152898788452
Drone 3 -6522.0 7230.0 13.185847997665405
Drone 4 149.00000000000006 130.0 1.5855073928833008
Drone 5 -3206.599999999998 3650.0 8.145023345947266
Sum 1 1 2 1961.4000000000028 1290.0 5.209805965423584 2.7059244314829507
Drone 0 87.49999999999993 30.0 0.22417163848876953
Drone 1 588.7999999999973 0.0 2.1238646507263184
Drone 2 321.6000000000007 380.0 4.780019998550415
Drone 3 539.0000000000035 460.0 5.209805965423584
Drone 4 66.50000000000061 200.0 0.9907517433166504
Drone 5 358.00000000000057 220.0 2.9069325923919678
Sum 1 1 3 -12403.200000000004 15040.0 48.38033890724182 11.854406714439392
Drone 0 110.50000000000001 0.0 0.09022855758666992
Drone 1 315.2000000000001 320.0 5.044993162155151
Drone 2 -2604.100000000003 3150.0 10.837978839874268
Drone 3 -6434.0 7150.0 48.38033890724182
Drone 4 262.6 0.0 0.5786516666412354
Drone 5 -4053.4000000000005 4420.0 6.194249153137207
Sum 1 1 4 2706.500000000002 100.0 2.6738011837005615 0.9253361225128174
Drone 0 83.6 0.0 0.04386305809020996
Drone 1 426.99999999999864 0.0 0.3367190361022949
Drone 2 576.1000000000006 50.0 1.4311630725860596
Drone 3 895.6000000000023 0.0 2.6738011837005615
Drone 4 196.00000000000017 0.0 0.12929654121398926
Drone 5 528.2000000000005 50.0 0.9371738433837891
Sum 1 2 0 2459.8000000000025 250.0 60.24934482574463 12.626576145490011
Drone 0 80.39999999999999 0.0 0.7848114967346191
Drone 1 412.39999999999816 0.0 9.329217195510864
Drone 2 534.8000000000003 80.0 1.967388391494751
Drone 3 861.8000000000035 0.0 60.24934482574463
Drone 4 197.20000000000013 0.0 2.1909985542297363
Drone 5 373.2000000000001 170.0 1.2376964092254639
Sum 1 2 1 -12053.3 14820.0 19.958849906921387 7.978970368703206
Drone 0 120.99999999999997 0.0 1.1285510063171387
Drone 1 256.0 380.0 4.176934719085693
Drone 2 -2684.7999999999993 3280.0 14.335809707641602
Drone 3 -6830.0 7510.0 19.958849906921387
Drone 4 125.79999999999997 150.0 1.5560648441314697
Drone 5 -3041.299999999999 3500.0 6.717612028121948
Sum 1 2 2 2433.4999999999995 850.0 4.553333520889282 2.1420619090398154
Drone 0 87.49999999999993 30.0 0.24935483932495117
Drone 1 582.3999999999977 0.0 1.4821913242340088
Drone 2 410.2000000000006 310.0 4.553333520889282
Drone 3 856.8000000000004 150.0 3.6507787704467773
Drone 4 116.80000000000052 150.0 0.7138464450836182
Drone 5 379.8000000000006 210.0 2.202866554260254
Sum 1 2 3 -10496.699999999999 13230.0 30.44993305206299 7.519343733787537
Drone 0 110.50000000000001 0.0 0.10524964332580566
Drone 1 499.5999999999999 140.0 3.101999282836914
Drone 2 -1937.2 2520.0 6.771599292755127
Drone 3 -6745.2 7430.0 30.44993305206299
Drone 4 251.2 0.0 0.2768399715423584
Drone 5 -2675.5999999999985 3140.0 4.410441160202026
Sum 1 2 4 2632.1499999999987 150.0 1.4567625522613525 0.5290122429529825
Drone 0 83.6 0.0 0.020529747009277344
Drone 1 406.9999999999979 0.0 0.09266400337219238
Drone 2 543.5500000000001 80.0 0.8204371929168701
Drone 3 918.6000000000006 0.0 1.4567625522613525
Drone 4 196.00000000000017 0.0 0.12642526626586914
Drone 5 483.40000000000026 70.0 0.657254695892334
Sum 1 3 0 2319.400000000007 370.0 23.617530584335327 6.109460711479187
Drone 0 80.39999999999999 0.0 0.5076606273651123
Drone 1 412.39999999999804 0.0 9.585566997528076
Drone 2 414.20000000000016 200.0 0.9613831043243408
Drone 3 861.8000000000084 0.0 23.617530584335327
Drone 4 196.6000000000001 0.0 1.178544282913208
Drone 5 354.00000000000017 170.0 0.8060786724090576
Sum 1 3 1 -12952.3 15630.0 10.320981502532959 5.095991571744283
Drone 0 120.99999999999996 0.0 1.3109846115112305
Drone 1 138.00000000000057 480.0 3.434356689453125
Drone 2 -2405.3000000000006 3020.0 9.680630683898926
Drone 3 -7523.0 8140.0 10.320981502532959
Drone 4 125.40000000000002 150.0 0.9285144805908203
Drone 5 -3408.3999999999987 3840.0 4.900481462478638
Sum 1 3 2 1575.4000000000049 1680.0 4.127840757369995 1.7879408995310466
Drone 0 88.69999999999996 30.0 0.30466341972351074
Drone 1 582.3999999999976 0.0 1.2709097862243652
Drone 2 210.90000000000026 470.0 4.127840757369995
Drone 3 759.0000000000065 270.0 2.7414462566375732
Drone 4 62.20000000000043 200.0 0.546483039855957
Drone 5 -127.7999999999997 710.0 1.736302137374878
Sum 1 3 3 -13232.1 15790.0 18.28747057914734 4.9502889315287275
Drone 0 106.00000000000001 0.0 0.12608647346496582
Drone 1 379.6000000000001 260.0 2.9978997707366943
Drone 2 -2651.8000000000006 3210.0 4.667486190795898
Drone 3 -6852.6 7520.0 18.28747057914734
Drone 4 153.3999999999999 100.0 0.46817636489868164
Drone 5 -4366.699999999999 4700.0 3.154614210128784
Sum 1 3 4 2349.100000000004 360.0 1.1439895629882812 0.42973029613494873
Drone 0 81.6 0.0 0.031106233596801758
Drone 1 401.99999999999784 0.0 0.13622784614562988
Drone 2 458.1000000000002 150.0 0.6513388156890869
Drone 3 878.6000000000056 0.0 1.1439895629882812
Drone 4 196.00000000000014 0.0 0.09674429893493652
Drone 5 332.80000000000035 210.0 0.518975019454956
Sum 2 1 0 2614.8999999999996 80.0 14634.873685598373 2445.1444861094155
Drone 0 20.8 0.0 0.27652525901794434
Drone 1 592.3999999999984 0.0 31.30987048149109
Drone 2 269.6 0.0 0.35448241233825684
Drone 3 964.4000000000011 0.0 14634.873685598373
Drone 4 167.2000000000001 0.0 1.3572018146514893
Drone 5 600.5000000000001 80.0 2.6951510906219482
Sum 2 1 1 -15838.999999999998 18280.0 18.70015549659729 7.506995439529419
Drone 0 31.0 0.0 0.3611586093902588
Drone 1 -2704.400000000001 3340.0 6.5435264110565186
Drone 2 -442.3999999999998 750.0 3.5657975673675537
Drone 3 -7683.6 8440.0 18.70015549659729
Drone 4 133.00000000000006 100.0 0.6633825302124023
Drone 5 -5172.599999999997 5650.0 15.20795202255249
Sum 2 1 2 2679.050000000007 650.0 5.5407798290252686 2.625853737195333
Drone 0 31.000000000000004 0.0 0.292712926864624
Drone 1 820.7999999999998 0.0 4.045496940612793
Drone 2 158.8000000000003 180.0 0.82747483253479
Drone 3 1153.2000000000057 0.0 4.465011835098267
Drone 4 129.7000000000002 100.0 0.5836460590362549
Drone 5 385.5500000000011 370.0 5.5407798290252686
Sum 2 1 3 -12521.7 15100.0 54.925488233566284 14.438064217567444
Drone 0 28.5 0.0 0.016703128814697266
Drone 1 -2422.0 3080.0 13.657833576202393
Drone 2 269.9999999999999 80.0 0.7322847843170166
Drone 3 -7647.2 8410.0 54.925488233566284
Drone 4 215.79999999999998 0.0 0.45450663566589355
Drone 5 -2966.7999999999984 3530.0 16.84156894683838
Sum 2 1 4 2740.7000000000007 0.0 2.5649561882019043 0.964680035909017
Drone 0 23.6 0.0 0.02122330665588379
Drone 1 601.999999999998 0.0 0.6514685153961182
Drone 2 284.3999999999999 0.0 0.14649701118469238
Drone 3 983.2000000000025 0.0 2.5649561882019043
Drone 4 166.0000000000001 0.0 0.04364824295043945
Drone 5 681.5000000000001 0.0 2.3602869510650635
Sum 2 2 0 2631.5 70.0 86.65846157073975 17.68972086906433
Drone 0 20.8 0.0 0.2631378173828125
Drone 1 592.3999999999971 0.0 15.20254373550415
Drone 2 273.0000000000001 0.0 0.37954211235046387
Drone 3 964.4000000000026 0.0 86.65846157073975
Drone 4 167.2000000000001 0.0 1.5098240375518799
Drone 5 613.7000000000003 70.0 2.1248159408569336
Sum 2 2 1 -15845.299999999996 18270.0 17.154982328414917 6.648126761118571
Drone 0 31.0 0.0 0.3633394241333008
Drone 1 -2459.999999999999 3110.0 6.778459072113037
Drone 2 -442.40000000000015 750.0 3.997206211090088
Drone 3 -7674.799999999999 8430.0 17.154982328414917
Drone 4 133.00000000000003 100.0 0.9740664958953857
Drone 5 -5432.099999999997 5880.0 10.620707035064697
Sum 2 2 2 2742.5000000000073 590.0 4.032984495162964 2.0388174057006836
Drone 0 31.000000000000004 0.0 0.24235916137695312
Drone 1 764.7999999999994 50.0 2.7459557056427
Drone 2 184.00000000000026 160.0 0.9519705772399902
Drone 3 1156.4000000000067 0.0 3.799053192138672
Drone 4 129.7000000000002 100.0 0.46058130264282227
Drone 5 476.60000000000093 280.0 4.032984495162964
Sum 2 2 3 -13554.349999999999 16070.0 34.83881735801697 8.868025422096252
Drone 0 28.5 0.0 0.04005861282348633
Drone 1 -2670.5999999999995 3300.0 6.568726539611816
Drone 2 325.5000000000001 20.0 0.5063562393188477
Drone 3 -7740.4 8490.0 34.83881735801697
Drone 4 222.59999999999997 0.0 0.46294379234313965
Drone 5 -3719.949999999999 4260.0 10.791249990463257
Sum 2 2 4 2731.7500000000045 0.0 1.6850521564483643 0.5590041478474935
Drone 0 23.6 0.0 0.023511886596679688
Drone 1 608.999999999998 0.0 0.32108187675476074
Drone 2 284.19999999999993 0.0 0.11481070518493652
Drone 3 971.200000000006 0.0 1.6850521564483643
Drone 4 166.0000000000001 0.0 0.05757617950439453
Drone 5 677.7500000000005 0.0 1.1519920825958252
Sum 2 3 0 2483.4000000000115 200.0 20.62992572784424 6.244714180628459
Drone 0 20.2 0.0 0.23691582679748535
Drone 1 592.3999999999984 0.0 12.452727317810059
Drone 2 279.8 0.0 0.5709967613220215
Drone 3 964.4000000000124 0.0 20.62992572784424
Drone 4 167.2000000000001 0.0 1.4357964992523193
Drone 5 459.4000000000005 200.0 2.141922950744629
Sum 2 3 1 -17355.9 19660.0 13.005342483520508 5.573715368906657
Drone 0 31.0 0.0 0.6475965976715088
Drone 1 -2817.9999999999995 3440.0 5.276163339614868
Drone 2 -442.3999999999999 750.0 2.8109679222106934
Drone 3 -8805.200000000003 9460.0 13.005342483520508
Drone 4 132.99999999999991 100.0 1.0600335597991943
Drone 5 -5454.299999999999 5910.0 10.642188310623169
Sum 2 3 2 2230.800000000006 980.0 4.1170361042022705 1.9751875797907512
Drone 0 31.000000000000004 0.0 0.4561188220977783
Drone 1 764.7999999999994 50.0 2.64562726020813
Drone 2 271.79999999999984 70.0 1.1008198261260986
Drone 3 761.8000000000068 300.0 2.9763705730438232
Drone 4 118.8000000000001 110.0 0.5551528930664062
Drone 5 282.5999999999999 450.0 4.1170361042022705
Sum 2 3 3 -13713.250000000002 16260.0 20.209895133972168 6.076775749524434
Drone 0 26.500000000000004 0.0 0.05363655090332031
Drone 1 -2729.9999999999995 3360.0 6.27187705039978
Drone 2 344.6 0.0 0.550147533416748
Drone 3 -7360.200000000001 8150.0 20.209895133972168
Drone 4 228.49999999999997 0.0 0.3516652584075928
Drone 5 -4222.6500000000015 4750.0 9.023432970046997
Sum 2 3 4 2754.250000000005 0.0 1.0538887977600098 0.39363205432891846
Drone 0 21.6 0.0 0.02631521224975586
Drone 1 601.999999999998 0.0 0.32854270935058594
Drone 2 283.19999999999993 0.0 0.10239171981811523
Drone 3 1003.2000000000066 0.0 1.0538887977600098
Drone 4 166.0000000000001 0.0 0.03298521041870117
Drone 5 678.2500000000003 0.0 0.8176686763763428
Sum 3 1 0 2554.6499999999937 120.0 35.04900050163269 11.878766496976217
Drone 0 463.1999999999993 0.0 1.170931339263916
Drone 1 480.79999999999694 0.0 32.47666144371033
Drone 2 517.65 40.0 1.6272120475769043
Drone 3 478.3999999999969 0.0 35.04900050163269
Drone 4 199.4000000000002 70.0 0.21536016464233398
Drone 5 415.20000000000016 10.0 0.7334334850311279
Sum 3 1 1 -9434.300000000003 12360.0 10.545865535736084 5.975824197133382
Drone 0 -1489.6000000000008 1990.0 8.631806135177612
Drone 1 -1326.9999999999998 1920.0 3.9150633811950684
Drone 2 -2471.300000000001 3020.0 10.545865535736084
Drone 3 -1760.8 2320.0 4.088117837905884
Drone 4 -589.8000000000004 910.0 2.568408966064453
Drone 5 -1795.8000000000004 2200.0 6.105683326721191
Sum 3 1 2 2512.700000000008 890.0 4.0038557052612305 2.2951101462046304
Drone 0 509.2999999999999 60.0 3.100555658340454
Drone 1 684.4000000000036 0.0 2.3765206336975098
Drone 2 394.1000000000007 270.0 4.0038557052612305
Drone 3 640.4000000000035 0.0 1.622277021408081
Drone 4 58.00000000000018 280.0 0.6885840892791748
Drone 5 226.50000000000023 280.0 1.978867769241333
Sum 3 1 3 -10106.8 12810.0 10.078590393066406 6.360746622085571
Drone 0 -1082.0 1550.0 10.078590393066406
Drone 1 -1099.8 1720.0 7.932613372802734
Drone 2 -3591.7 4020.0 7.318975448608398
Drone 3 -1463.8 2050.0 8.854506731033325
Drone 4 -1323.3999999999996 1540.0 0.9754295349121094
Drone 5 -1546.0999999999995 1930.0 3.004364252090454
Sum 3 1 4 2194.6499999999946 520.0 1.3731417655944824 0.6008424758911133
Drone 0 474.80000000000024 0.0 0.9605734348297119
Drone 1 473.99999999999693 0.0 0.21722412109375
Drone 2 107.65000000000036 450.0 1.3731417655944824
Drone 3 475.1999999999969 0.0 0.4621109962463379
Drone 4 234.80000000000018 70.0 0.24557757377624512
Drone 5 428.20000000000005 0.0 0.34642696380615234
Sum 3 2 0 2467.449999999994 200.0 29.070226192474365 7.439654350280762
Drone 0 463.1999999999992 0.0 0.9944992065429688
Drone 1 480.79999999999694 0.0 12.669551134109497
Drone 2 443.45000000000033 110.0 1.1724438667297363
Drone 3 475.1999999999969 0.0 29.070226192474365
Drone 4 189.60000000000022 80.0 0.10985326766967773
Drone 5 415.20000000000016 10.0 0.6213524341583252
Sum 3 2 1 -6613.6 9780.0 8.378997802734375 5.247616648674011
Drone 0 -1645.7000000000003 2130.0 8.155281782150269
Drone 1 -740.3999999999999 1390.0 3.4577252864837646
Drone 2 -1340.6000000000004 1980.0 8.378997802734375
Drone 3 -1067.8 1690.0 4.938137531280518
Drone 4 -169.19999999999993 520.0 2.8186049461364746
Drone 5 -1649.9 2070.0 3.736952543258667
Sum 3 2 2 1750.000000000007 1590.0 3.3313281536102295 2.196901520093282
Drone 0 494.5999999999999 70.0 2.996432304382324
Drone 1 662.4000000000037 0.0 1.7950530052185059
Drone 2 120.40000000000109 530.0 3.3313281536102295
Drone 3 642.6000000000029 0.0 2.0601799488067627
Drone 4 -0.7999999999999292 340.0 0.8524119853973389
Drone 5 -169.20000000000044 650.0 2.1460037231445312
Sum 3 2 3 -10001.800000000007 12760.0 7.230783939361572 4.223175684611003
Drone 0 -1358.000000000006 1840.0 5.613857984542847
Drone 1 -754.7999999999997 1400.0 5.324846506118774
Drone 2 -3566.1000000000013 4000.0 4.299591302871704
Drone 3 -1321.6 1920.0 7.230783939361572
Drone 4 -1307.1999999999998 1530.0 0.7692549228668213
Drone 5 -1694.0999999999995 2070.0 2.100719451904297
Sum 3 2 4 2192.9999999999955 500.0 0.709420919418335 0.3898637692133586
Drone 0 477.15000000000026 0.0 0.5721907615661621
Drone 1 473.99999999999693 0.0 0.19483447074890137
Drone 2 122.85000000000105 430.0 0.709420919418335
Drone 3 477.1999999999971 0.0 0.3595595359802246
Drone 4 210.80000000000018 70.0 0.1549665927886963
Drone 5 431.0000000000001 0.0 0.34821033477783203
Sum 3 3 0 2396.949999999994 270.0 9.457934856414795 3.44109054406484
Drone 0 434.99999999999903 20.0 0.473832368850708
Drone 1 480.79999999999694 0.0 9.457934856414795
Drone 2 433.75000000000045 110.0 1.1161632537841797
Drone 3 478.3999999999969 0.0 9.067230224609375
Drone 4 234.40000000000023 60.0 0.18114972114562988
Drone 5 334.6000000000002 80.0 0.3502328395843506
Sum 3 3 1 -7559.5 10640.0 7.159821271896362 4.154758850733439
Drone 0 -1293.3000000000002 1810.0 5.654030084609985
Drone 1 -771.0 1420.0 3.20308780670166
Drone 2 -1247.8000000000002 1890.0 7.159821271896362
Drone 3 -2069.6 2600.0 3.6976373195648193
Drone 4 -363.0 700.0 1.6029508113861084
Drone 5 -1814.7999999999997 2220.0 3.611025810241699
Sum 3 3 2 1974.1000000000076 1360.0 3.111341953277588 1.8981945912043254
Drone 0 194.49999999999892 350.0 2.168489456176758
Drone 1 658.4000000000036 0.0 1.686410903930664
Drone 2 363.50000000000097 300.0 3.111341953277588
Drone 3 637.8000000000036 0.0 1.699876070022583
Drone 4 31.200000000000262 310.0 0.7938101291656494
Drone 5 88.70000000000036 400.0 1.92923903465271
Sum 3 3 3 -11523.5 14120.0 5.8027024269104 3.7594902515411377
Drone 0 -1850.6000000000015 2260.0 3.9347264766693115
Drone 1 -754.7999999999997 1400.0 4.907689332962036
Drone 2 -3921.3999999999996 4320.0 5.8027024269104
Drone 3 -1745.0 2300.0 5.730531692504883
Drone 4 -1373.6000000000006 1610.0 0.915616512298584
Drone 5 -1878.0999999999995 2230.0 1.2656750679016113
Sum 3 3 4 2318.700000000003 490.0 0.8697950839996338 0.3668815692265828
Drone 0 304.4999999999991 180.0 0.5540657043457031
Drone 1 542.0000000000027 0.0 0.31265926361083984
Drone 2 312.4000000000004 240.0 0.8697950839996338
Drone 3 520.0000000000007 0.0 0.2570030689239502
Drone 4 201.20000000000022 70.0 0.07196331024169922
Drone 5 438.6000000000001 0.0 0.1358029842376709
