Sum 2 1 5 3347.7999999999965 0.0 10.114316940307617 5.864977518717448
Drone 2 1 5 0; 431.4 0.0 3.2623677253723145
Tasks 2 1 5 0; FI; 15; 0 3; 300 3; 600 3; 900 3; 1200 3; 
Tasks 2 1 5 0; BM; 840; 0 280; 600 280; 1200 280; 
Miss 2 1 5 0; 2 1 5 FI; 0; 300 0; 600 0; 900 0; 1200 0; 
Miss 2 1 5 0; 2 1 5 BM; 0; 600 0; 1200 0; 
Reward 2 1 5 0; 
Drone 2 1 5 1; 701.1999999999981 0.0 5.413460969924927
Tasks 2 1 5 1; BM; 1155; 0 385; 600 385; 1200 385; 
Miss 2 1 5 1; 2 1 5 BM; 0; 600 0; 1200 0; 
Reward 2 1 5 1; 
Drone 2 1 5 2; 682.3999999999999 0.0 7.820852041244507
Tasks 2 1 5 2; FT; 146; 0 8; 150 9; 300 11; 450 13; 600 16; 750 19; 900 22; 1050 24; 1200 24; 
Tasks 2 1 5 2; BM; 1365; 0 455; 600 455; 1200 455; 
Miss 2 1 5 2; 2 1 5 FT; 0; 150 0; 300 0; 450 0; 600 0; 750 0; 900 0; 1050 0; 1200 0; 
Miss 2 1 5 2; 2 1 5 BM; 0; 600 0; 1200 0; 
Reward 2 1 5 2; 
Drone 2 1 5 3; 830.1999999999996 0.0 8.505353689193726
Tasks 2 1 5 3; BM; 1560; 0 520; 600 520; 1200 520; 
Miss 2 1 5 3; 2 1 5 BM; 0; 600 0; 1200 0; 
Reward 2 1 5 3; 
Drone 2 1 5 4; 13.0 0.0 0.07351374626159668
Tasks 2 1 5 4; FT; 16; 0 0; 150 0; 300 0; 450 1; 600 3; 750 3; 900 3; 1050 3; 1200 3; 
Miss 2 1 5 4; 2 1 5 FT; 0; 150 0; 300 0; 450 0; 600 0; 750 0; 900 0; 1050 0; 1200 0; 
Reward 2 1 5 4; 
Drone 2 1 5 5; 689.5999999999989 0.0 10.114316940307617
Tasks 2 1 5 5; FT; 2; 0 0; 150 0; 300 0; 450 0; 600 0; 750 0; 900 0; 1050 1; 1200 1; 
Tasks 2 1 5 5; BM; 1285; 0 439; 600 423; 1200 423; 
Tasks 2 1 5 5; FI; 15; 0 3; 300 3; 600 3; 900 3; 1200 3; 
Miss 2 1 5 5; 2 1 5 FT; 0; 150 0; 300 0; 450 0; 600 0; 750 0; 900 0; 1050 0; 1200 0; 
Miss 2 1 5 5; 2 1 5 FI; 0; 300 0; 600 0; 900 0; 1200 0; 
Miss 2 1 5 5; 2 1 5 BM; 0; 600 0; 1200 0; 
Reward 2 1 5 5; 
