Sum 1 1 0 3367.3499999999995 0.0 6.3691565990448 2.140180548032125
Drone 1 1 0 0; 64.6 0.0 0.36914658546447754
Tasks 1 1 0 0; FT; 22; 0 0; 150 0; 300 0; 450 0; 600 2; 750 3; 900 5; 1050 6; 1200 6; 
Tasks 1 1 0 0; BM; 75; 0 25; 600 25; 1200 25; 
Miss 1 1 0 0; 1 1 0 FT; 0; 150 0; 300 0; 450 0; 600 0; 750 0; 900 0; 1050 0; 1200 0; 
Miss 1 1 0 0; 1 1 0 BM; 0; 600 0; 1200 0; 
Reward 1 1 0 0; 68 0 15.0 0; 78 15.0 0 0; 89 1.8 0 0; 96 0 1.6 0; 103 0 1.2 0; 111 3.6 0 0; 114 0 0.4 0; 120 0.8 0 0; 123 0.2 0 0; 130 0 0.4 0; 135 0 0.2 0; 140 0 0.2 0; 145 0 0.2 0; 151 0.0 0.1 0.0; 154 1.1 0 0; 600 0.0 15.0 0.0; 646 0 3.6 0; 665 16.2 0 0; 678 0 0.8 0; 686 0 0.4 0; 734 0 1.8 0; 740 0 1.6 0; 747 5.4 0 0; 755 0.0 0.8 0.0; 803 0 3.0 0; 820 3.2 0 0; 833 0 0.4 0; 841 0 0.2 0; 888 0 0.6 0; 895 0 0.4 0; 898 1.8 0 0; 906 0.0 0.4 0.0; 958 0 4.0 0; 974 4.4 0 0; 988 0 0.4 0; 992 0 0.4 0; 997 0 0.2 0; 1042 0 0.2 0; 1045 0 0.1 0; 1049 1.3 0 0; 1092 0.0 4.8 0.0; 1109 4.8 0 0; 1122 0 0.4 0; 1126 0 0.4 0; 1131 0 0.2 0; 1136 0 0.2 0; 1188 1.4 0 0; 1200 3.6 0 0.0; 
Drone 1 1 0 1; 1023.9999999999985 0.0 6.3691565990448
Tasks 1 1 0 1; BM; 1830; 0 610; 600 610; 1200 610; 
Miss 1 1 0 1; 1 1 0 BM; 0; 600 0; 1200 0; 
Reward 1 1 0 1; 31 78.0 0 0; 58 78.0 0 0; 85 0 94.2 0; 94 0 13.8 0; 121 0 72.0 0; 133 0 30.0 0; 154 210.0 0 0; 167 0 5.0 0; 178 0 5.0 0; 189 0 5.0 0; 200 0 5.0 0; 211 0 5.0 0; 222 0 5.0 0; 233 0 5.0 0; 244 0 5.0 0; 255 0 5.0 0; 266 50.0 0 0; 277 5.0 0 0; 288 5.0 0 0; 299 5.0 0 0; 310 0 5.0 0; 321 0 5.0 0; 332 0 5.0 0; 369 20.0 0 0; 380 5.0 0 0; 391 5.0 0 0; 402 5.0 0 0; 413 5.0 0 0; 424 5.0 0 0; 435 5.0 0 0; 446 5.0 0 0; 452 0.8 0 0; 457 0.8 0 0; 462 0.8 0 0; 467 0.8 0 0; 472 0.8 0 0; 477 0.8 0 0; 482 0.8 0 0; 487 0.8 0 0; 492 0.8 0 0; 497 0.8 0 0; 502 0.8 0 0; 507 0.8 0 0; 512 0.8 0 0; 517 0.8 0 0; 522 0.8 0 0; 527 0.8 0 0; 532 0.8 0 0; 537 0.8 0 0; 542 0.8 0 0; 547 0.8 0 0; 552 0.8 0 0; 557 0.8 0 0; 600 0.0 78.0 0.0; 612 0 24.0 0; 639 0 84.0 0; 648 0 24.0 0; 675 288.0 0 0; 702 78.0 0 0; 717 5.0 0 0; 728 5.0 0 0; 739 5.0 0 0; 750 5.0 0 0; 761 5.0 0 0; 772 5.0 0 0; 783 5.0 0 0; 794 5.0 0 0; 805 0 5.0 0; 816 0 5.0 0; 827 0 5.0 0; 838 0 5.0 0; 849 0 5.0 0; 860 0 5.0 0; 871 0 5.0 0; 882 0 5.0 0; 893 0 5.0 0; 904 0 5.0 0; 915 0 5.0 0; 926 0 5.0 0; 957 65.0 0 0; 981 5.0 0 0; 992 5.0 0 0; 1003 5.0 0 0; 1009 0.8 0 0; 1014 0.8 0 0; 1019 0.8 0 0; 1024 0.8 0 0; 1029 0.8 0 0; 1034 0.8 0 0; 1039 0.8 0 0; 1044 0.8 0 0; 1049 0.8 0 0; 1054 0.8 0 0; 1059 0.8 0 0; 1064 0.8 0 0; 1069 0.8 0 0; 1074 0.8 0 0; 1079 0.8 0 0; 1084 0.8 0 0; 1089 0.8 0 0; 1094 0.8 0 0; 1099 0.8 0 0; 1104 0.8 0 0; 1109 0.8 0 0; 1114 0.8 0 0; 1119 0.8 0 0; 1124 0.8 0 0; 1129 0.8 0 0; 1134 0.8 0 0; 1139 0.8 0 0; 1144 0.8 0 0; 1149 0.8 0 0; 1154 0.8 0 0; 1159 0.8 0 0; 1164 0.8 0 0; 1169 0.8 0 0; 1174 0.8 0 0; 1179 0.8 0 0; 1184 0.8 0 0; 1193 0.8 0 0; 1198 0.8 0 0; 1200 4.0 0 0.0; 
Drone 1 1 0 2; 435.9500000000003 0.0 0.4224226474761963
Tasks 1 1 0 2; FT; 123; 0 5; 150 8; 300 9; 450 11; 600 15; 750 16; 900 19; 1050 20; 1200 20; 
Tasks 1 1 0 2; BM; 700; 0 240; 600 230; 1200 230; 
Tasks 1 1 0 2; FI; 60; 0 12; 300 12; 600 12; 900 12; 1200 12; 
Miss 1 1 0 2; 1 1 0 FT; 0; 150 0; 300 0; 450 0; 600 0; 750 0; 900 0; 1050 0; 1200 0; 
Miss 1 1 0 2; 1 1 0 FI; 0; 300 0; 600 0; 900 0; 1200 0; 
Miss 1 1 0 2; 1 1 0 BM; 0; 600 0; 1200 0; 
Reward 1 1 0 2; 75 3.8 0 0; 92 10.4 0 0; 103 0.8 0 0; 108 1.6 0 0; 113 2.4 0 0; 118 3.2 0 0; 123 1.6 0 0; 141 21.6 0 0; 148 14.4 0 0; 153 8.4 0 0.0; 167 2.4 0 0; 184 7.8 0 0; 192 24.6 0 0; 199 14.4 0 0; 210 0 14.4 0; 217 0 3.6 0; 237 0 3.0 0; 276 42.0 0 0; 285 0 3.0 0; 290 3.0 0 0; 312 3.2 0 0.0; 329 3.0 0 0; 340 2.4 0 0; 345 3.2 0 0; 350 1.6 0 0; 363 1.6 0 0; 368 0.8 0 0; 374 0.7 0 0; 379 0.7 0 0; 396 1.0 0 0; 401 0.55 0 0; 411 0.8 0 0; 416 0.4 0 0; 430 1.8 0 0; 437 1.8 0 0; 444 1.8 0 0; 451 1.8 0 0.0; 468 3.6 0 0; 485 3.0 0 0; 489 1.0 0 0; 495 0.6 0 0; 500 0.4 0 0; 513 0.8 0 0; 523 0.8 0 0; 528 0.4 0 0; 538 0.4 0 0; 542 0.9 0 0; 557 1.8 0 0; 564 1.8 0 0; 571 1.8 0 0; 601 22.2 0 0.0; 614 10.8 0 0; 631 5.4 0 0; 639 1.2 0 0; 651 3.2 0 0; 656 2.4 0 0; 661 1.6 0 0; 666 0.8 0 0; 683 1.6 0 0; 701 21.6 0 0; 708 14.4 0 0; 713 8.4 0 0; 730 35.4 0 0; 737 3.6 0 0; 748 0 12.6 0; 755 0.0 5.4 0.0; 774 21.6 0 0; 791 4.2 0 0; 798 1.8 0 0; 824 0 3.0 0; 870 0 3.0 0; 881 6.0 0 0; 907 5.6 0 0.0; 924 4.2 0 0; 931 3.0 0 0; 943 3.2 0 0; 948 2.4 0 0; 953 1.6 0 0; 958 0.8 0 0; 976 2.0 0 0; 983 1.6 0 0; 988 0.8 0 0; 998 1.1 0 0; 1003 0.8 0 0; 1016 0.8 0 0; 1021 0.6 0 0; 1040 0.4 0 0; 1050 4.2 0 0.0; 1057 3.6 0 0; 1077 4.2 0 0; 1082 1.4 0 0; 1088 0.8 0 0; 1093 0.6 0 0; 1111 1.8 0 0; 1116 0.8 0 0; 1120 0.4 0 0; 1127 0.8 0 0; 1132 0.8 0 0; 1141 0.4 0 0; 1146 0.2 0 0; 1160 1.8 0 0; 1167 1.8 0 0; 1172 1.2 0 0; 1179 1.2 0 0; 1186 1.8 0 0; 1193 1.8 0 0; 1198 0.8 0 0; 1200 3.6 0 0.0; 
Drone 1 1 0 3; 1029.0 0.0 4.917824745178223
Tasks 1 1 0 3; BM; 2056; 0 696; 600 680; 1200 680; 
Miss 1 1 0 3; 1 1 0 BM; 0; 600 0; 1200 0; 
Reward 1 1 0 3; 60 78.0 0 0; 81 0 64.2 0; 92 0 31.2 0; 103 0 18.0 0; 114 0 39.0 0; 130 0 67.8 0; 144 0 33.6 0; 165 0 25.8 0; 192 0 40.8 0; 206 0 7.2 0; 278 0 6.0 0; 289 0 3.0 0; 300 0 3.0 0; 343 339.6 0 0; 358 5.0 0 0; 369 5.0 0 0; 380 5.0 0 0; 391 5.0 0 0; 402 0 5.0 0; 413 0 5.0 0; 424 0 5.0 0; 435 0 3.8 0; 446 0 5.0 0; 457 0 5.0 0; 468 0 5.0 0; 479 0 5.0 0; 490 0 5.0 0; 501 0 5.0 0; 512 0 5.0 0; 523 0 5.0 0; 534 0 5.0 0; 545 0 5.0 0; 556 0 5.0 0; 567 0 5.0 0; 574 0 0.8 0; 586 0 0.8 0; 599 80.4 0 0; 621 0.0 80.4 0.0; 632 0 25.8 0; 643 0 15.6 0; 654 0 39.0 0; 671 0 67.8 0; 685 0 33.6 0; 706 0 25.8 0; 733 0 40.8 0; 746 0 7.2 0; 817 396.0 0 0; 868 0 7.8 0; 879 0 3.0 0; 890 0 1.2 0; 942 12.0 0 0; 950 5.0 0 0; 961 5.0 0 0; 972 5.0 0 0; 983 5.0 0 0; 994 0 5.0 0; 1005 0 5.0 0; 1016 0 5.0 0; 1031 0 5.0 0; 1042 0 5.0 0; 1053 0 5.0 0; 1064 0 5.0 0; 1075 0 5.0 0; 1086 0 5.0 0; 1097 0 5.0 0; 1108 0 5.0 0; 1119 0 5.0 0; 1130 0 5.0 0; 1141 0 5.0 0; 1152 0 5.0 0; 1158 0 0.8 0; 1163 0 0.8 0; 1168 0 0.8 0; 1173 0 0.8 0; 1199 79.0 0 0; 1200 4.0 0 0.0; 
Drone 1 1 0 4; 350.8000000000004 0.0 0.576801061630249
Tasks 1 1 0 4; FI; 25; 0 5; 300 5; 600 5; 900 5; 1200 5; 
Tasks 1 1 0 4; BM; 675; 0 225; 600 225; 1200 225; 
Miss 1 1 0 4; 1 1 0 FI; 0; 300 0; 600 0; 900 0; 1200 0; 
Miss 1 1 0 4; 1 1 0 BM; 0; 600 0; 1200 0; 
Reward 1 1 0 4; 116 0 1.6 0; 123 0 1.6 0; 131 0 0.8 0; 177 25.0 0 0; 192 16.8 0 0; 213 25.2 0 0; 224 14.4 0 0; 241 24.0 0 0; 259 24.0 0 0; 263 4.8 0 0; 291 0 4.8 0; 295 4.8 0 0; 342 0.0 1.6 0.0; 350 0 1.6 0; 358 0 0.8 0; 387 4.0 0 0; 404 1.8 0 0; 415 1.8 0 0; 426 1.8 0 0; 437 1.8 0 0; 448 1.8 0 0; 459 1.8 0 0; 470 1.8 0 0; 481 1.8 0 0; 492 1.8 0 0; 503 1.8 0 0; 514 1.8 0 0; 525 1.8 0 0; 530 0.4 0 0; 538 0.6 0 0; 600 7.2 0 0.0; 666 0 1.6 0; 674 0 1.6 0; 682 0 0.8 0; 728 25.0 0 0; 742 16.8 0 0; 763 19.8 0 0; 774 14.4 0 0; 792 24.0 0 0; 809 24.0 0 0; 814 4.8 0 0; 841 0 4.8 0; 846 4.8 0 0; 873 1.8 0 0; 884 1.8 0 0; 895 1.8 0 0; 906 1.8 0 0.0; 936 0 1.6 0; 944 0 1.6 0; 951 0 0.8 0; 981 4.0 0 0; 989 0.6 0 0; 1009 1.8 0 0; 1020 1.8 0 0; 1031 1.8 0 0; 1042 1.8 0 0; 1053 1.8 0 0; 1064 1.8 0 0; 1075 1.8 0 0; 1086 1.8 0 0; 1097 1.8 0 0; 1108 1.8 0 0; 1129 1.8 0 0; 1140 1.8 0 0; 1155 1.8 0 0; 1163 1.2 0 0; 1170 0.8 0 0; 1177 1.2 0 0; 1185 1.2 0 0; 1193 1.2 0 0; 1200 3.6 0 0.0; 
Drone 1 1 0 5; 462.99999999999994 0.0 0.1857316493988037
Tasks 1 1 0 5; FT; 147; 0 9; 150 10; 300 10; 450 13; 600 17; 750 17; 900 23; 1050 24; 1200 24; 
Tasks 1 1 0 5; FI; 75; 0 15; 300 15; 600 15; 900 15; 1200 15; 
Tasks 1 1 0 5; BM; 750; 0 250; 600 250; 1200 250; 
Miss 1 1 0 5; 1 1 0 FT; 0; 150 0; 300 0; 450 0; 600 0; 750 0; 900 0; 1050 0; 1200 0; 
Miss 1 1 0 5; 1 1 0 FI; 0; 300 0; 600 0; 900 0; 1200 0; 
Miss 1 1 0 5; 1 1 0 BM; 0; 600 0; 1200 0; 
Reward 1 1 0 5; 85 5.4 0 0; 97 1.6 0 0; 100 0.8 0 0; 105 3.2 0 0; 108 1.6 0 0; 113 3.2 0 0; 118 2.0 0 0; 144 21.0 0 0; 161 33.0 0 0.0; 194 6.0 0 0; 223 21.0 0 0; 240 24.0 0 0; 257 0 6.0 0; 326 30.0 0 0.0; 356 6.0 0 0; 368 1.6 0 0; 371 0.8 0 0; 376 3.2 0 0; 379 1.6 0 0; 384 3.2 0 0; 389 2.0 0 0; 439 21.0 0 0; 480 8.0 0 0.0; 484 1.6 0 0; 493 0.8 0 0; 501 0.6 0 0; 507 0.8 0 0; 510 0.4 0 0; 515 0.4 0 0; 521 0.2 0 0; 526 0.2 0 0; 553 1.8 0 0; 601 24.0 0 0.0; 643 9.0 0 0; 654 1.2 0 0; 668 2.0 0 0; 673 3.2 0 0; 678 3.2 0 0; 681 1.6 0 0; 686 1.6 0 0; 689 0.8 0 0; 712 21.0 0 0; 729 33.0 0 0; 740 15.0 0 0; 745 6.0 0 0; 762 24.0 0 0.0; 791 1.2 0 0; 802 9.0 0 0; 832 21.0 0 0; 901 0.0 6.0 0.0; 935 7.8 0 0; 946 12.0 0 0; 958 1.6 0 0; 961 0.8 0 0; 966 3.2 0 0; 969 1.6 0 0; 974 3.2 0 0; 979 2.0 0 0; 990 3.2 0 0; 996 1.2 0 0; 1003 1.2 0 0; 1008 0.6 0 0; 1014 0.8 0 0; 1019 0.8 0 0; 1022 0.4 0 0; 1027 0.4 0 0; 1035 0.2 0 0; 1060 1.8 0 0.0; 1082 12.0 0 0; 1093 2.4 0 0; 1105 3.2 0 0; 1109 0.8 0 0; 1115 0.8 0 0; 1120 0.8 0 0; 1125 0.8 0 0; 1131 1.2 0 0; 1134 0.4 0 0; 1139 0.6 0 0; 1146 0.4 0 0; 1151 0.4 0 0; 1158 0.2 0 0; 1185 1.8 0 0; 1191 1.6 0 0; 1198 1.8 0 0; 1200 7.2 0 0.0; 
