TaskGen 10.784236192703247
Sum 4 2 2 3 3622.6999999999975 370.0 3.8527426719665527 1.433583935101827 0.1592721939086914
Drone 4 2 2 3 0; 315.8999999999991 0.0 0.5668439865112305
Tasks 4 2 2 3 0; FT; 5; 0 0; 150 0; 300 0; 450 0; 600 0; 750 0; 900 1; 1050 2; 1200 2; 
Tasks 4 2 2 3 0; BM; 521; 0 175; 600 173; 1200 173; 
Miss 4 2 2 3 0; 4 2 2 FT; 0; 150 0; 300 0; 450 0; 600 0; 750 0; 900 0; 1050 0; 1200 0; 
Miss 4 2 2 3 0; 4 2 2 BM; 0; 600 0; 1200 0; 
Reward 4 2 2 3 0; 24 24.0 0 0; 41 24.0 0 0; 58 24.0 0 0; 75 24.0 0 0; 92 9.0 0 0; 110 1.8 0 0; 117 1.8 0 0; 124 1.8 0 0; 131 1.8 0 0; 138 1.8 0 0; 145 1.8 0 0; 152 1.8 0 0.0; 159 1.8 0 0; 166 1.8 0 0; 173 1.8 0 0; 180 1.8 0 0; 185 0.8 0 0; 189 0.8 0 0; 196 1.2 0 0; 203 1.2 0 0; 210 1.2 0 0; 217 1.2 0 0; 224 1.2 0 0; 231 1.2 0 0; 238 1.2 0 0; 245 1.2 0 0; 252 1.2 0 0; 259 1.2 0 0; 265 0.8 0 0; 270 1.0 0 0; 275 0.4 0 0; 280 0.4 0 0; 289 0.4 0 0; 294 0.4 0 0; 299 0.4 0 0; 308 0.4 0 0.0; 313 0.4 0 0; 318 0.4 0 0; 323 0.4 0 0; 328 0.4 0 0; 333 0.4 0 0; 338 0.4 0 0; 343 0.4 0 0; 348 0.4 0 0; 353 0.4 0 0; 358 0.4 0 0; 363 0.4 0 0; 368 0.4 0 0; 373 0.4 0 0; 378 0.4 0 0; 383 0.4 0 0; 388 0.4 0 0; 393 0.4 0 0; 398 0.4 0 0; 404 0.4 0 0; 409 0.4 0 0; 419 0.4 0 0; 424 0.4 0 0; 429 0.4 0 0; 434 0.4 0 0; 439 0.4 0 0; 444 0.4 0 0; 454 0.4 0 0.0; 464 0.4 0 0; 473 0.2 0 0; 478 0.2 0 0; 483 0.2 0 0; 488 0.2 0 0; 498 0.2 0 0; 507 0.1 0 0; 528 0.2 0 0; 533 0.2 0 0; 538 0.2 0 0; 543 0.2 0 0; 548 0.2 0 0; 553 0.2 0 0; 558 0.2 0 0; 607 9.0 0 0.0; 624 24.0 0 0; 641 24.0 0 0; 658 22.8 0 0; 675 24.0 0 0; 690 1.8 0 0; 697 1.8 0 0; 704 1.8 0 0; 711 1.8 0 0; 718 1.8 0 0; 725 1.8 0 0; 732 1.8 0 0; 739 1.8 0 0; 746 1.8 0 0; 753 1.8 0 0.0; 759 1.0 0 0; 765 1.0 0 0; 774 1.0 0 0; 781 1.2 0 0; 788 1.2 0 0; 795 1.2 0 0; 802 1.2 0 0; 809 1.2 0 0; 816 0.8 0 0; 823 1.2 0 0; 830 1.2 0 0; 837 1.2 0 0; 846 1.8 0 0; 851 0.8 0 0; 856 0.8 0 0; 861 0.4 0 0; 866 0.4 0 0; 871 0.4 0 0; 880 0.4 0 0; 885 0.4 0 0; 890 0.4 0 0; 895 0.4 0 0; 900 0.4 0 0.0; 907 1.0 0 0; 912 0.4 0 0; 917 0.4 0 0; 922 0.4 0 0; 927 0.4 0 0; 932 0.4 0 0; 937 0.4 0 0; 942 0.4 0 0; 947 0.4 0 0; 952 0.4 0 0; 957 0.4 0 0; 962 0.4 0 0; 967 0.4 0 0; 977 0.4 0 0; 982 0.2 0 0; 987 0.2 0 0; 992 0.2 0 0; 997 0.2 0 0; 1006 0.2 0 0; 1011 0.2 0 0; 1016 0.2 0 0; 1026 0.4 0 0; 1031 0.4 0 0; 1036 0.4 0 0; 1041 0.4 0 0; 1062 2.0 0 0.0; 1090 0.4 0 0; 1095 0.4 0 0; 1100 0.4 0 0; 1105 0.4 0 0; 1110 0.4 0 0; 1119 0.6 0 0; 1124 0.2 0 0; 1129 0.2 0 0; 1139 0.4 0 0; 1144 0.4 0 0; 1153 0.2 0 0; 1158 0.2 0 0; 1167 0.2 0 0; 1172 0.2 0 0; 1177 0.2 0 0; 1200 1.8 0 0.0; 
Drone 4 2 2 3 1; 751.6 80.0 1.1313095092773438
Tasks 4 2 2 3 1; BM; 1515; 0 505; 600 505; 1200 505; 
Miss 4 2 2 3 1; 4 2 2 BM; 8; 600 4; 1200 4; 
Reward 4 2 2 3 1; 88 0 101.4 0; 97 0 31.2 0; 124 0 93.6 0; 135 0 21.0 0; 179 0 31.2 0; 206 0 22.2 0; 226 0 5.0 0; 237 0 5.0 0; 248 0 5.0 0; 259 0 5.0 0; 270 0 5.0 0; 281 0 5.0 0; 292 0 5.0 0; 303 0 5.0 0; 314 0 5.0 0; 325 0 5.0 0; 336 0 5.0 0; 347 0 5.0 0; 358 0 5.0 0; 369 0 5.0 0; 380 0 5.0 0; 391 0 5.0 0; 412 0 5.0 0; 427 0 5.0 0; 458 0 5.0 0; 464 0 0.8 0; 469 0 0.8 0; 474 0 0.8 0; 479 0 0.8 0; 484 0 0.8 0; 489 0 0.8 0; 494 0 0.8 0; 499 0 0.8 0; 504 0 0.8 0; 509 0 0.8 0; 514 0 0.8 0; 519 0 0.8 0; 524 0 0.8 0; 529 0 0.8 0; 534 0 0.8 0; 539 0 1.2 0; 544 0 1.2 0; 549 0 0.8 0; 554 0 0.8 0; 599 411.6 0 0; 634 -40.0 101.4 40.0; 643 0 31.2 0; 670 0 93.6 0; 681 0 21.0 0; 725 0 31.2 0; 752 0 22.2 0; 771 0 5.0 0; 782 0 5.0 0; 793 0 5.0 0; 804 0 5.0 0; 815 0 5.0 0; 826 0 5.0 0; 837 0 5.0 0; 848 0 5.0 0; 859 0 5.0 0; 870 0 5.0 0; 881 0 5.0 0; 892 0 5.0 0; 903 0 5.0 0; 914 0 5.0 0; 925 0 5.0 0; 936 0 5.0 0; 957 0 5.0 0; 973 0 5.0 0; 1004 0 5.0 0; 1010 0 0.8 0; 1015 0 0.8 0; 1020 0 0.8 0; 1025 0 0.8 0; 1030 0 0.8 0; 1035 0 0.8 0; 1040 0 0.8 0; 1045 0 0.8 0; 1050 0 0.8 0; 1055 0 0.8 0; 1060 0 0.8 0; 1065 0 0.8 0; 1070 0 0.8 0; 1075 0 0.8 0; 1080 0 0.8 0; 1085 0 1.2 0; 1090 0 1.2 0; 1095 0 0.8 0; 1100 0 0.8 0; 1112 0 1.2 0; 1117 0 1.2 0; 1122 0 1.2 0; 1127 0 1.2 0; 1132 0 1.2 0; 1137 0 1.2 0; 1142 0 1.2 0; 1199 420.0 0 0; 1200 -40.0 0 40.0; 
Drone 4 2 2 3 2; 910.3999999999984 290.0 3.8527426719665527
Tasks 4 2 2 3 2; FT; 64; 0 0; 150 0; 300 4; 450 5; 600 8; 750 9; 900 12; 1050 13; 1200 13; 
Tasks 4 2 2 3 2; BM; 2806; 0 944; 600 931; 1200 931; 
Miss 4 2 2 3 2; 4 2 2 FT; 26; 150 0; 300 0; 450 4; 600 5; 750 8; 900 9; 1050 0; 1200 0; 
Miss 4 2 2 3 2; 4 2 2 BM; 3; 600 0; 1200 3; 
Reward 4 2 2 3 2; 29 38.4 0 0; 47 38.4 0 0; 64 38.4 0 0; 81 38.4 0 0; 98 38.4 0 0; 115 38.4 0 0; 132 38.4 0 0; 149 38.4 0 0; 173 37.2 0 0.0; 190 28.8 0 0; 214 38.4 0 0; 231 38.4 0 0; 238 14.4 0 0; 255 14.4 0 0; 262 5.4 0 0; 279 14.4 0 0; 318 14.4 0 0.0; 335 10.8 0 0; 354 14.4 0 0; 405 18.6 0 0; 442 7.8 0 0; 459 -38.2 0 40.0; 479 1.8 0 0; 486 1.8 0 0; 493 1.8 0 0; 500 1.8 0 0; 507 1.8 0 0; 514 1.8 0 0; 521 1.8 0 0; 528 1.8 0 0; 602 -11.6 0 50.0; 619 38.4 0 0; 636 38.4 0 0; 653 38.4 0 0; 670 38.4 0 0; 687 38.4 0 0; 704 38.4 0 0; 721 38.4 0 0; 744 28.8 0 0; 761 -42.8 0 80.0; 778 18.6 0 0; 830 38.4 0 0; 837 14.4 0 0; 855 34.2 0 0; 862 7.2 0 0; 879 14.4 0 0; 896 14.4 0 0; 913 -75.6 0 90.0; 920 5.4 0 0; 937 14.4 0 0; 961 7.8 0 0; 1013 7.2 0 0; 1018 1.0 0 0; 1025 1.6 0 0; 1032 2.0 0 0; 1039 2.2 0 0; 1050 7.8 0 0.0; 1054 1.2 0 0; 1061 1.6 0 0; 1068 1.8 0 0; 1075 1.8 0 0; 1082 1.8 0 0; 1089 1.8 0 0; 1096 1.8 0 0; 1103 1.8 0 0; 1110 1.8 0 0; 1117 1.8 0 0; 1124 1.8 0 0; 1131 1.8 0 0; 1138 1.8 0 0; 1145 1.8 0 0; 1152 1.8 0 0; 1159 1.8 0 0; 1166 1.8 0 0; 1173 1.8 0 0; 1180 1.8 0 0; 1187 1.8 0 0; 1194 1.8 0 0; 1197 0.4 0 0; 1200 -26.4 0 30.0; 
Drone 4 2 2 3 3; 1602.8000000000002 0.0 2.9414620399475098
Tasks 4 2 2 3 3; BM; 3678; 0 1226; 600 1226; 1200 1226; 
Miss 4 2 2 3 3; 4 2 2 BM; 0; 600 0; 1200 0; 
Reward 4 2 2 3 3; 89 0 101.4 0; 104 0 63.0 0; 126 0 71.4 0; 179 0 88.8 0; 206 0 93.6 0; 233 0 101.4 0; 260 0 91.8 0; 263 0 6.6 0; 301 0 32.4 0; 382 0 31.2 0; 401 0 19.2 0; 443 0 15.2 0; 454 0 8.0 0; 477 0 20.0 0; 492 0 8.0 0; 503 0 5.6 0; 514 0 5.0 0; 525 0 8.0 0; 536 0 5.0 0; 547 0 5.0 0; 558 0 5.0 0; 599 785.6 0 0; 635 0.0 101.4 0.0; 650 0 63.0 0; 673 0 71.4 0; 726 0 88.8 0; 753 0 93.6 0; 780 0 101.4 0; 807 0 91.8 0; 810 0 6.6 0; 847 0 32.4 0; 928 0 31.2 0; 947 0 19.2 0; 989 0 15.2 0; 1000 0 8.0 0; 1023 0 20.0 0; 1038 0 8.0 0; 1049 0 5.6 0; 1060 0 5.0 0; 1071 0 8.0 0; 1082 0 5.0 0; 1093 0 5.0 0; 1104 0 5.0 0; 1115 0 5.0 0; 1126 0 5.0 0; 1137 0 5.0 0; 1148 0 5.0 0; 1159 0 5.0 0; 1170 0 5.0 0; 1176 0 0.8 0; 1182 0 0.8 0; 1199 817.2 0 0; 
Drone 4 2 2 3 4; 34.0 0.0 0.07962441444396973
Tasks 4 2 2 3 4; FT; 36; 0 4; 150 4; 300 4; 450 4; 600 4; 750 4; 900 4; 1050 4; 1200 4; 
Miss 4 2 2 3 4; 4 2 2 FT; 0; 150 0; 300 0; 450 0; 600 0; 750 0; 900 0; 1050 0; 1200 0; 
Reward 4 2 2 3 4; 31 3.0 0 0; 34 1.0 0 0; 150 2.4 0 0.0; 154 0.8 0 0; 160 0.6 0 0; 163 0.2 0 0; 300 2.4 0 0.0; 304 0.8 0 0; 310 0.6 0 0; 313 0.2 0 0; 450 2.4 0 0.0; 455 0.8 0 0; 460 0.6 0 0; 463 0.2 0 0; 600 2.4 0 0.0; 604 0.8 0 0; 610 0.6 0 0; 613 0.2 0 0; 750 2.4 0 0.0; 754 0.8 0 0; 760 0.6 0 0; 763 0.2 0 0; 900 2.4 0 0.0; 905 0.8 0 0; 910 0.6 0 0; 913 0.2 0 0; 1050 2.4 0 0.0; 1054 0.8 0 0; 1060 0.6 0 0; 1063 0.2 0 0; 1200 2.0 0 0.0; 
Drone 4 2 2 3 5; 8.0 0.0 0.02952098846435547
Tasks 4 2 2 3 5; FI; 10; 0 2; 300 2; 600 2; 900 2; 1200 2; 
Miss 4 2 2 3 5; 4 2 2 FI; 0; 300 0; 600 0; 900 0; 1200 0; 
Reward 4 2 2 3 5; 30 1.6 0 0; 300 1.6 0 0.0; 600 1.6 0 0.0; 900 1.6 0 0.0; 1200 1.6 0 0.0; 
