Sum 1 1 0 3061.4000000000283 70.0 251.42817783355713 55.51026864846548
Drone 0 162.59999999999997 0.0 0.10334610939025879
Drone 1 981.8000000000028 0.0 80.78882002830505
Drone 2 340.3999999999998 70.0 0.11444735527038574
Drone 3 1280.6000000000256 0.0 251.42817783355713
Drone 4 102.20000000000002 0.0 0.39081597328186035
Drone 5 193.79999999999998 0.0 0.23600459098815918
Sum 1 1 1 -21852.2 24200.0 34.0434947013855 9.76125943660736
Drone 0 145.39999999999998 20.0 0.4127516746520996
Drone 1 -9080.0 9730.0 22.74303102493286
Drone 2 273.9999999999996 140.0 0.7643685340881348
Drone 3 -13047.4 13800.0 34.0434947013855
Drone 4 130.8 0.0 0.23838376998901367
Drone 5 -274.99999999999994 510.0 0.3655269145965576
Sum 1 1 2 3019.999999999992 600.0 10.529491662979126 2.9014318784077964
Drone 0 121.0 40.0 0.32839345932006836
Drone 1 1182.0000000000032 40.0 5.775547027587891
Drone 2 194.59999999999948 210.0 0.40659260749816895
Drone 3 1218.7999999999886 240.0 10.529491662979126
Drone 4 106.80000000000003 20.0 0.12185239791870117
Drone 5 196.8 50.0 0.24671411514282227
Sum 1 1 3 -21474.600000000002 23820.0 14660.058996915817 2452.1703837712607
Drone 0 166.39999999999998 0.0 0.04764246940612793
Drone 1 -8725.0 9400.0 52.41828536987305
Drone 2 -79.59999999999995 470.0 0.2449195384979248
Drone 3 -13164.2 13900.0 14660.058996915817
Drone 4 123.79999999999998 0.0 0.05893349647521973
Drone 5 204.0 50.0 0.19352483749389648
Sum 1 1 4 2267.2000000000085 930.0 8.16416335105896 1.824788490931193
Drone 0 167.39999999999995 0.0 0.04082465171813965
Drone 1 993.4000000000012 0.0 2.3869662284851074
Drone 2 -521.2000000000003 870.0 0.16503453254699707
Drone 3 1329.6000000000076 0.0 8.16416335105896
Drone 4 117.0 0.0 0.03246617317199707
Drone 5 181.0 60.0 0.15927600860595703
Sum 1 2 0 3107.4000000000315 30.0 97.22477531433105 21.02083905537923
Drone 0 162.59999999999997 0.0 0.19898700714111328
Drone 1 981.8000000000062 0.0 28.164459466934204
Drone 2 386.3999999999997 30.0 0.09966254234313965
Drone 3 1280.6000000000256 0.0 97.22477531433105
Drone 4 102.20000000000002 0.0 0.27384352684020996
Drone 5 193.79999999999998 0.0 0.16330647468566895
Sum 1 2 1 -20527.8 22990.0 28.38388705253601 7.010297695795695
Drone 0 145.39999999999998 20.0 0.3281850814819336
Drone 1 -8567.0 9260.0 12.162877559661865
Drone 2 273.9999999999997 140.0 0.607062578201294
Drone 3 -12596.4 13390.0 28.38388705253601
Drone 4 130.8 0.0 0.24672198295593262
Drone 5 85.40000000000009 180.0 0.3330519199371338
Sum 1 2 2 3090.999999999981 600.0 9.776475429534912 2.6310415267944336
Drone 0 121.0 40.0 0.4517495632171631
Drone 1 1201.400000000001 40.0 4.914241075515747
Drone 2 215.19999999999948 190.0 0.4819455146789551
Drone 3 1260.7999999999802 250.0 9.776475429534912
Drone 4 106.80000000000003 20.0 0.057213544845581055
Drone 5 185.80000000000007 60.0 0.10462403297424316
Sum 1 2 3 -21370.0 23730.0 63.77904033660889 13.653898437817892
Drone 0 166.39999999999998 0.0 0.047374725341796875
Drone 1 -8567.0 9260.0 17.70806050300598
Drone 2 -252.60000000000005 630.0 0.14336442947387695
Drone 3 -13098.8 13840.0 63.77904033660889
Drone 4 123.79999999999998 0.0 0.06321907043457031
Drone 5 258.19999999999993 0.0 0.18233156204223633
Sum 1 2 4 2200.400000000021 950.0 4.424579620361328 0.9951683282852173
Drone 0 167.39999999999995 0.0 0.049837350845336914
Drone 1 993.4000000000009 0.0 1.1311469078063965
Drone 2 -488.6000000000005 840.0 0.19465422630310059
Drone 3 1291.4000000000206 0.0 4.424579620361328
Drone 4 117.0 0.0 0.06239128112792969
Drone 5 119.80000000000001 110.0 0.10840058326721191
Sum 1 3 0 3022.0000000000273 100.0 39.83493185043335 12.312634706497192
Drone 0 146.59999999999994 0.0 0.14815330505371094
Drone 1 981.8000000000062 0.0 33.573485374450684
Drone 2 358.39999999999975 50.0 0.09006547927856445
Drone 3 1280.6000000000213 0.0 39.83493185043335
Drone 4 109.59999999999997 0.0 0.09946656227111816
Drone 5 144.99999999999997 50.0 0.12970566749572754
Sum 1 3 1 -21166.000000000004 23560.0 22.151350021362305 6.372717618942261
Drone 0 45.39999999999999 110.0 0.2454390525817871
Drone 1 -8600.0 9290.0 15.070175647735596
Drone 2 286.1999999999996 130.0 0.43591880798339844
Drone 3 -12991.400000000001 13740.0 22.151350021362305
Drone 4 130.20000000000002 0.0 0.09168577194213867
Drone 5 -36.399999999999984 290.0 0.24173641204833984
Sum 1 3 2 2385.399999999998 1300.0 7.03168249130249 1.9148164987564087
Drone 0 110.79999999999997 50.0 0.2471179962158203
Drone 1 1201.400000000001 40.0 3.575467586517334
Drone 2 282.19999999999965 130.0 0.30411767959594727
Drone 3 583.7999999999977 920.0 7.03168249130249
Drone 4 107.20000000000002 20.0 0.11336207389831543
Drone 5 100.0 140.0 0.21715116500854492
Sum 1 3 3 -22338.199999999997 24610.0 35.501790046691895 8.936344345410665
Drone 0 148.79999999999995 0.0 0.0695352554321289
Drone 1 -8567.0 9260.0 17.730788707733154
Drone 2 -517.6000000000004 870.0 0.16614174842834473
Drone 3 -13468.8 14170.0 35.501790046691895
Drone 4 127.39999999999999 0.0 0.026723861694335938
Drone 5 -61.0 310.0 0.12308645248413086
Sum 1 3 4 2136.6000000000063 1060.0 2.327860116958618 0.5994653304417928
Drone 0 148.2 0.0 0.020608186721801758
Drone 1 993.4000000000009 0.0 0.905484676361084
Drone 2 -568.2000000000002 910.0 0.16080689430236816
Drone 3 1341.6000000000058 20.0 2.327860116958618
Drone 4 121.39999999999999 0.0 0.0411379337310791
Drone 5 100.19999999999999 130.0 0.14089417457580566
Sum 2 1 0 2327.800000000029 750.0 257.19905734062195 56.45903996626536
Drone 0 97.6 20.0 0.17725062370300293
Drone 1 981.8000000000028 0.0 81.08696269989014
Drone 2 -139.9999999999999 460.0 0.08802270889282227
Drone 3 1280.6000000000256 0.0 257.19905734062195
Drone 4 106.80000000000004 0.0 0.13635945320129395
Drone 5 0.9999999999999147 270.0 0.06658697128295898
Sum 2 1 1 -21870.799999999996 24220.0 26.996490716934204 6.7061472336451216
Drone 0 109.0 60.0 0.17143940925598145
Drone 1 -9080.0 9730.0 12.275888442993164
Drone 2 -84.79999999999997 440.0 0.35761427879333496
Drone 3 -13047.4 13800.0 26.996490716934204
Drone 4 123.19999999999999 0.0 0.1245107650756836
Drone 5 109.19999999999989 190.0 0.3109397888183594
Sum 2 1 2 2489.999999999992 1090.0 8.19319748878479 2.347753365834554
Drone 0 99.20000000000002 60.0 0.09355735778808594
Drone 1 1182.0000000000032 40.0 5.073946237564087
Drone 2 -23.79999999999995 370.0 0.3342151641845703
Drone 3 1218.7999999999886 240.0 8.19319748878479
Drone 4 84.80000000000005 30.0 0.12020230293273926
Drone 5 -70.99999999999997 350.0 0.27140164375305176
Sum 2 1 3 -23208.4 25430.0 125.7748532295227 28.442086815834045
Drone 0 52.60000000000004 100.0 0.11590790748596191
Drone 1 -8725.0 9400.0 44.37764835357666
Drone 2 -1222.199999999999 1490.0 0.19608664512634277
Drone 3 -13164.2 13900.0 125.7748532295227
Drone 4 115.6 0.0 0.06467986106872559
Drone 5 -265.2 540.0 0.12334489822387695
Sum 2 1 4 942.6000000000096 2150.0 6.301369905471802 1.4674502611160278
Drone 0 100.60000000000001 50.0 0.042153358459472656
Drone 1 993.4000000000012 0.0 2.2358648777008057
Drone 2 -1056.599999999999 1320.0 0.07436013221740723
Drone 3 1329.6000000000076 0.0 6.301369905471802
Drone 4 99.60000000000001 10.0 0.04395794868469238
Drone 5 -524.0000000000001 770.0 0.1069953441619873
Sum 2 2 0 2325.600000000032 750.0 67.83736515045166 15.737385948499044
Drone 0 98.2 20.0 0.16816473007202148
Drone 1 981.8000000000062 0.0 26.233721494674683
Drone 2 -142.7999999999999 460.0 0.06953787803649902
Drone 3 1280.6000000000256 0.0 67.83736515045166
Drone 4 106.80000000000004 0.0 0.08146524429321289
Drone 5 0.9999999999999147 270.0 0.03406119346618652
Sum 2 2 1 -20765.199999999997 23210.0 19.6279878616333 4.893787384033203
Drone 0 64.8 100.0 0.1334519386291504
Drone 1 -8567.0 9260.0 9.102270126342773
Drone 2 100.99999999999993 270.0 0.21007513999938965
Drone 3 -12596.4 13390.0 19.6279878616333
Drone 4 123.19999999999999 0.0 0.13580870628356934
Drone 5 109.19999999999989 190.0 0.15313053131103516
Sum 2 2 2 2607.3999999999814 1040.0 5.896663188934326 1.566057523091634
Drone 0 104.60000000000002 50.0 0.044359683990478516
Drone 1 1201.400000000001 40.0 3.082728385925293
Drone 2 26.800000000000054 320.0 0.1612868309020996
Drone 3 1260.7999999999802 250.0 5.896663188934326
Drone 4 84.80000000000005 30.0 0.059839487075805664
Drone 5 -70.99999999999997 350.0 0.15146756172180176
Sum 2 2 3 -22764.4 25030.0 32.05901646614075 7.456214865048726
Drone 0 14.000000000000025 140.0 0.06755256652832031
Drone 1 -8567.0 9260.0 12.436949491500854
Drone 2 -962.9999999999992 1250.0 0.08223891258239746
Drone 3 -13098.8 13840.0 32.05901646614075
Drone 4 115.6 0.0 0.025102853775024414
Drone 5 -265.2 540.0 0.06642889976501465
Sum 2 2 4 1105.0000000000218 1960.0 1.9379189014434814 0.435602068901062
Drone 0 108.20000000000002 40.0 0.029823780059814453
Drone 1 993.4000000000009 0.0 0.5078322887420654
Drone 2 -863.5999999999992 1140.0 0.0606997013092041
Drone 3 1291.4000000000206 0.0 1.9379189014434814
Drone 4 99.60000000000001 10.0 0.01735067367553711
Drone 5 -524.0000000000001 770.0 0.05998706817626953
Sum 2 3 0 2429.200000000028 660.0 18.406803607940674 6.01700480779012
Drone 0 106.79999999999998 0.0 0.1692218780517578
Drone 1 981.8000000000062 0.0 17.402660369873047
Drone 2 99.40000000000005 250.0 0.04294991493225098
Drone 3 1280.6000000000213 0.0 18.406803607940674
Drone 4 24.79999999999997 80.0 0.05045342445373535
Drone 5 -64.20000000000005 330.0 0.029939651489257812
Sum 2 3 1 -21942.2 24280.0 3881.071520090103 648.2381192445755
Drone 0 -45.0 200.0 0.1220097541809082
Drone 1 -8600.0 9290.0 7.627499103546143
Drone 2 3.600000000000051 360.0 0.2942931652069092
Drone 3 -12991.400000000001 13740.0 3881.071520090103
Drone 4 79.19999999999999 40.0 0.08666205406188965
Drone 5 -388.5999999999999 650.0 0.2267313003540039
Sum 2 3 2 1786.9999999999986 1840.0 4.320742845535278 1.4120464722315471
Drone 0 97.80000000000004 50.0 0.10599780082702637
Drone 1 1201.400000000001 40.0 3.576874017715454
Drone 2 -2.0 350.0 0.27513623237609863
Drone 3 583.7999999999977 920.0 4.320742845535278
Drone 4 77.2 40.0 0.05564689636230469
Drone 5 -171.20000000000005 440.0 0.13788104057312012
Sum 2 3 3 -23648.999999999996 25820.0 21.133657455444336 5.472513039906819
Drone 0 3.6000000000000405 140.0 0.05737781524658203
Drone 1 -8567.0 9260.0 11.454882144927979
Drone 2 -1001.9999999999997 1290.0 0.09024739265441895
Drone 3 -13468.8 14170.0 21.133657455444336
Drone 4 0.400000000000012 100.0 0.024036884307861328
Drone 5 -615.1999999999999 860.0 0.07487654685974121
Sum 2 3 4 628.6000000000076 2450.0 1.4030706882476807 0.3490209182103475
Drone 0 105.00000000000004 20.0 0.03697514533996582
Drone 1 993.4000000000009 0.0 0.5253105163574219
Drone 2 -1047.3999999999992 1310.0 0.06288313865661621
Drone 3 1341.6000000000058 20.0 1.4030706882476807
Drone 4 53.40000000000002 60.0 0.020486116409301758
Drone 5 -817.4000000000001 1040.0 0.04539990425109863
Sum 3 1 0 -346.99999999999704 3230.0 56.09757137298584 14.230879028638205
Drone 0 -1929.9999999999998 2250.0 0.12138724327087402
Drone 1 820.5999999999975 0.0 28.33733367919922
Drone 2 -492.79999999999876 980.0 0.38347411155700684
Drone 3 717.8000000000043 0.0 56.09757137298584
Drone 4 217.3999999999999 0.0 0.20772361755371094
Drone 5 320.0 0.0 0.23778414726257324
Sum 3 1 1 -14585.099999999999 17520.0 6.929635286331177 3.288621743520101
Drone 0 -1513.3 1960.0 2.355832815170288
Drone 1 -6328.0 6980.0 6.929635286331177
Drone 2 -1487.8999999999983 2020.0 1.7776987552642822
Drone 3 -4012.0 4730.0 6.4241039752960205
Drone 4 -260.4 510.0 0.917438268661499
Drone 5 -983.4999999999995 1320.0 1.3270213603973389
Sum 3 1 2 2142.5000000000064 1600.0 2.2720608711242676 1.1421256462732952
Drone 0 -265.10000000000014 770.0 0.9334752559661865
Drone 1 869.1999999999983 200.0 2.2720608711242676
Drone 2 320.19999999999993 290.0 1.0742268562316895
Drone 3 922.6000000000081 0.0 1.6484956741333008
Drone 4 132.00000000000014 130.0 0.34535813331604004
Drone 5 163.60000000000005 210.0 0.5791370868682861
Sum 3 1 3 -17875.7 20430.0 19.653218030929565 6.645236651102702
Drone 0 -3638.0500000000006 3890.0 0.3721597194671631
Drone 1 -6305.8 6960.0 19.653218030929565
Drone 2 -2322.6000000000013 2780.0 0.5896701812744141
Drone 3 -4019.3999999999996 4730.0 18.873572826385498
Drone 4 -469.50000000000006 680.0 0.19952630996704102
Drone 5 -1120.349999999999 1390.0 0.1832728385925293
Sum 3 1 4 -1286.0499999999981 4210.0 0.7783608436584473 0.31326937675476074
Drone 0 -2628.25 2940.0 0.14730167388916016
Drone 1 832.9999999999972 0.0 0.7783608436584473
Drone 2 -574.9999999999995 1080.0 0.13647198677062988
Drone 3 714.6000000000042 0.0 0.6722593307495117
Drone 4 222.2 0.0 0.053199052810668945
Drone 5 147.39999999999992 190.0 0.09202337265014648
Sum 3 2 0 1364.8000000000065 1640.0 26.592540502548218 6.6521897713343305
Drone 0 -106.59999999999961 550.0 0.13975238800048828
Drone 1 820.6000000000003 0.0 12.65833568572998
Drone 2 -481.3999999999987 970.0 0.23085808753967285
Drone 3 717.8000000000043 0.0 26.592540502548218
Drone 4 131.60000000000002 80.0 0.14532160758972168
Drone 5 282.8000000000001 40.0 0.1463303565979004
Sum 3 2 1 -14765.299999999997 17670.0 4.841956377029419 2.425820787747701
Drone 0 -1066.1000000000001 1540.0 1.8622746467590332
Drone 1 -6721.0 7340.0 4.62849760055542
Drone 2 -1564.2999999999975 2090.0 1.3670859336853027
Drone 3 -4067.0 4780.0 4.841956377029419
Drone 4 -271.9999999999999 520.0 0.7293617725372314
Drone 5 -1074.8999999999999 1400.0 1.1257483959197998
Sum 3 2 2 1749.1000000000058 1960.0 1.729245901107788 0.951500415802002
Drone 0 -493.9999999999999 980.0 0.9522182941436768
Drone 1 642.7999999999969 400.0 1.729245901107788
Drone 2 384.8000000000001 230.0 0.8304450511932373
Drone 3 923.6000000000084 0.0 1.422971487045288
Drone 4 140.70000000000005 120.0 0.2848386764526367
Drone 5 151.19999999999993 230.0 0.48928308486938477
Sum 3 2 3 -17081.899999999998 19690.0 8.437887907028198 2.8809430599212646
Drone 0 -4014.6500000000005 4250.0 0.28429555892944336
Drone 1 -6469.6 7110.0 7.877999782562256
Drone 2 -2484.2 2930.0 0.35632753372192383
Drone 3 -3106.599999999997 3860.0 8.437887907028198
Drone 4 -35.300000000000004 290.0 0.15264010429382324
Drone 5 -971.55 1250.0 0.17650747299194336
Sum 3 2 4 -1248.2499999999966 4180.0 0.46088457107543945 0.2025014559427897
Drone 0 -2587.25 2900.0 0.1153721809387207
Drone 1 838.999999999998 0.0 0.4290132522583008
Drone 2 -598.7999999999987 1100.0 0.0984349250793457
Drone 3 717.800000000004 0.0 0.46088457107543945
Drone 4 224.19999999999996 0.0 0.03890681266784668
Drone 5 156.7999999999999 180.0 0.07239699363708496
Sum 3 3 0 68.1500000000058 2870.0 12.407402038574219 3.228156010309855
Drone 0 -907.1499999999997 1300.0 0.08994746208190918
Drone 1 820.5999999999993 0.0 6.532833099365234
Drone 2 -569.199999999998 1060.0 0.15042638778686523
Drone 3 717.8000000000043 0.0 12.407402038574219
Drone 4 80.19999999999999 130.0 0.06464004516601562
Drone 5 -74.10000000000005 380.0 0.1236870288848877
Sum 3 3 1 -15509.3 18370.0 3.9513416290283203 1.908249298731486
Drone 0 -1624.0000000000005 2060.0 1.5986034870147705
Drone 1 -6609.0 7240.0 3.9513416290283203
Drone 2 -1995.1999999999985 2490.0 1.356905460357666
Drone 3 -3848.8 4580.0 3.378434419631958
Drone 4 -413.6000000000002 650.0 0.36957502365112305
Drone 5 -1018.6999999999995 1350.0 0.7946357727050781
Sum 3 3 2 1502.000000000014 2120.0 1.3836524486541748 0.715969999631246
Drone 0 -185.60000000000028 670.0 0.7088472843170166
Drone 1 873.8000000000054 150.0 1.3836524486541748
Drone 2 105.80000000000003 480.0 0.7169497013092041
Drone 3 917.8000000000089 0.0 0.9003665447235107
Drone 4 -139.79999999999995 390.0 0.22929668426513672
Drone 5 -70.00000000000021 430.0 0.3567073345184326
Sum 3 3 3 -17851.100000000002 20400.0 5.15492057800293 1.8025428851445515
Drone 0 -3611.400000000001 3850.0 0.18561887741088867
Drone 1 -6469.6 7110.0 5.15492057800293
Drone 2 -2481.2000000000016 2920.0 0.27159929275512695
Drone 3 -3891.2 4620.0 4.949038743972778
Drone 4 -548.8000000000001 760.0 0.11782598495483398
Drone 5 -848.899999999999 1140.0 0.13625383377075195
Sum 3 3 4 -1957.2499999999955 4890.0 0.26409220695495605 0.12196091810862224
Drone 0 -2632.2500000000005 2930.0 0.07136654853820801
Drone 1 839.1999999999996 0.0 0.26409220695495605
Drone 2 -963.5999999999972 1450.0 0.08241128921508789
Drone 3 750.6000000000022 0.0 0.22774672508239746
Drone 4 165.7 70.0 0.03228640556335449
Drone 5 -116.89999999999978 440.0 0.05386233329772949
