TaskGen 11.493675708770752
Sum 1 1 0 0 2643.199999999998 1330.0 8.178831577301025 2.9657918214797974 2.551522731781006
Drone 1 1 0 0 0; 602.9999999999992 0.0 2.9819705486297607
Tasks 1 1 0 0 0; FI; 10; 0 2; 300 2; 600 2; 900 2; 1200 2; 
Tasks 1 1 0 0 0; BM; 1227; 0 421; 600 403; 1200 403; 
Miss 1 1 0 0 0; 1 1 0 FI; 0; 300 0; 600 0; 900 0; 1200 0; 
Miss 1 1 0 0 0; 1 1 0 BM; 0; 600 0; 1200 0; 
Reward 1 1 0 0 0; 30 1.6 0 0; 46 16.8 0 0; 57 11.4 0 0; 64 3.6 0 0; 80 22.8 0 0; 92 25.8 0 0; 101 4.8 0 0; 118 4.2 0 0; 127 1.2 0 0; 144 31.2 0 0; 161 4.8 0 0; 178 21.0 0 0; 208 21.0 0 0; 215 9.0 0 0; 280 36.6 0 0; 297 38.4 0 0; 322 1.6 0 0.0; 328 1.8 0 0; 336 1.8 0 0; 343 1.8 0 0; 350 1.8 0 0; 357 1.8 0 0; 364 1.8 0 0; 371 1.8 0 0; 378 1.8 0 0; 385 1.8 0 0; 392 1.8 0 0; 399 1.8 0 0; 406 1.8 0 0; 413 1.8 0 0; 420 1.8 0 0; 427 1.8 0 0; 434 1.8 0 0; 447 1.8 0 0; 454 1.8 0 0; 463 1.8 0 0; 476 1.8 0 0; 483 1.8 0 0; 488 0.8 0 0; 493 0.8 0 0; 498 0.6 0 0; 508 1.2 0 0; 513 0.8 0 0; 518 0.8 0 0; 523 0.8 0 0; 531 1.8 0 0; 538 1.8 0 0; 545 1.8 0 0; 550 0.8 0 0; 555 0.8 0 0; 601 24.0 0 0.0; 668 1.6 0 0; 684 11.4 0 0; 695 6.0 0 0; 702 3.6 0 0; 718 22.8 0 0; 729 25.8 0 0; 738 4.8 0 0; 755 4.2 0 0; 764 1.2 0 0; 781 28.8 0 0; 798 4.2 0 0; 843 21.0 0 0; 850 9.0 0 0; 916 36.6 0 0.0; 943 1.6 0 0; 968 38.4 0 0; 982 1.8 0 0; 989 1.8 0 0; 996 1.8 0 0; 1003 1.8 0 0; 1010 1.8 0 0; 1017 1.8 0 0; 1024 1.8 0 0; 1031 1.8 0 0; 1038 1.8 0 0; 1045 1.8 0 0; 1052 1.8 0 0; 1059 1.8 0 0; 1066 1.8 0 0; 1079 1.8 0 0; 1086 1.8 0 0; 1093 1.8 0 0; 1100 1.8 0 0; 1107 1.8 0 0; 1114 1.8 0 0; 1121 1.8 0 0; 1135 1.8 0 0; 1138 0.4 0 0; 1151 1.2 0 0; 1158 0.8 0 0; 1163 0.8 0 0; 1168 0.8 0 0; 1177 1.8 0 0; 1184 1.8 0 0; 1191 1.8 0 0; 1195 0.8 0 0; 1200 3.6 0 0.0; 
Drone 1 1 0 0 1; 834.2 0.0 2.5918149948120117
Tasks 1 1 0 0 1; BM; 1890; 0 630; 600 630; 1200 630; 
Miss 1 1 0 0 1; 1 1 0 BM; 0; 600 0; 1200 0; 
Reward 1 1 0 0 1; 106 0 85.8 0; 129 0 72.6 0; 143 0 49.2 0; 163 0 66.6 0; 167 0 6.6 0; 188 0 13.2 0; 211 0 6.0 0; 244 0 30.0 0; 267 0 30.0 0; 377 0 18.0 0; 425 378.0 0 0; 464 0 5.0 0; 475 0 5.0 0; 486 0 5.0 0; 497 0 5.0 0; 508 0 5.0 0; 519 0 5.0 0; 550 0 5.0 0; 556 0 0.8 0; 559 0 0.4 0; 598 36.2 0 0; 646 0.0 85.8 0.0; 669 0 72.6 0; 683 0 49.2 0; 703 0 66.6 0; 707 0 6.6 0; 728 0 13.2 0; 752 0 6.0 0; 784 0 30.0 0; 808 0 30.0 0; 917 0 18.0 0; 965 378.0 0 0; 1004 0 5.0 0; 1015 0 5.0 0; 1026 0 5.0 0; 1037 0 5.0 0; 1048 0 5.0 0; 1059 0 5.0 0; 1090 0 5.0 0; 1096 0 0.8 0; 1101 0 0.8 0; 1106 0 0.8 0; 1111 0 0.8 0; 1116 0 0.8 0; 1121 0 0.8 0; 1124 0 0.4 0; 1129 0 0.4 0; 1134 0 0.4 0; 1137 0 0.2 0; 1142 0 0.4 0; 1147 0 0.4 0; 1195 42.0 0 0; 
Drone 1 1 0 0 2; -701.6 1330.0 0.7893357276916504
Tasks 1 1 0 0 2; FT; 137; 0 5; 150 6; 300 10; 450 14; 600 16; 750 18; 900 20; 1050 24; 1200 24; 
Tasks 1 1 0 0 2; BM; 1560; 0 520; 600 520; 1200 520; 
Miss 1 1 0 0 2; 1 1 0 FT; 0; 150 0; 300 0; 450 0; 600 0; 750 0; 900 0; 1050 0; 1200 0; 
Miss 1 1 0 0 2; 1 1 0 BM; 133; 600 66; 1200 67; 
Reward 1 1 0 0 2; 31 4.0 0 0; 67 38.4 0 0; 74 9.6 0 0; 89 32.4 0 0; 96 12.6 0 0; 116 33.0 0 0; 129 18.0 0 0; 138 0 3.0 0; 149 27.0 0 0; 160 12.0 0 0.0; 216 3.6 0 0; 269 24.0 0 0; 284 12.0 0 0; 321 0.0 18.6 0.0; 411 23.4 0 0; 416 1.2 0 0; 497 0.0 34.8 0.0; 574 41.4 0 0; 579 1.8 0 0; 584 1.8 0 0; 591 1.2 0 0; 600 -650.4 0 660.0; 634 38.4 0 0; 641 9.6 0 0; 656 32.4 0 0; 663 12.6 0 0; 683 33.0 0 0; 696 18.0 0 0; 705 0 3.0 0; 716 27.0 0 0; 727 12.0 0 0; 749 15.0 0 0; 764 21.0 0 0.0; 811 0.6 0 0; 822 7.8 0 0; 827 2.4 0 0; 908 0.0 34.8 0.0; 985 42.6 0 0; 990 2.4 0 0; 1001 1.8 0 0; 1084 0.0 18.0 0.0; 1164 25.8 0 0; 1169 4.2 0 0; 1180 2.4 0 0; 1188 2.2 0 0; 1195 1.4 0 0; 1200 -661.2 0 670.0; 
Drone 1 1 0 0 3; 555.6 0.0 1.0797510147094727
Tasks 1 1 0 0 3; BM; 1023; 0 341; 600 341; 1200 341; 
Miss 1 1 0 0 3; 1 1 0 BM; 0; 600 0; 1200 0; 
Reward 1 1 0 0 3; 89 0 48.0 0; 110 0 36.0 0; 131 0 54.0 0; 142 0 30.0 0; 167 0 13.8 0; 179 0 3.0 0; 210 0 4.8 0; 280 0 15.0 0; 329 204.6 0 0; 367 0 5.0 0; 373 0 0.8 0; 378 0 0.8 0; 383 0 0.8 0; 388 0 0.8 0; 391 0 0.4 0; 446 0 5.0 0; 457 0 5.0 0; 468 0 5.0 0; 479 0 5.0 0; 490 0 5.0 0; 501 0 5.0 0; 512 0 5.0 0; 523 0 5.0 0; 534 0 5.0 0; 545 0 5.0 0; 566 0 5.0 0; 577 0 5.0 0; 583 0 0.8 0; 599 69.4 0 0; 632 0.0 48.0 0.0; 653 0 36.0 0; 674 0 54.0 0; 685 0 30.0 0; 710 0 13.8 0; 723 0 3.0 0; 753 0 4.8 0; 823 0 15.0 0; 873 204.6 0 0; 911 0 5.0 0; 917 0 0.8 0; 922 0 0.8 0; 927 0 0.8 0; 932 0 0.8 0; 935 0 0.4 0; 989 0 5.0 0; 1000 0 5.0 0; 1011 0 5.0 0; 1022 0 5.0 0; 1033 0 5.0 0; 1044 0 5.0 0; 1055 0 5.0 0; 1066 0 5.0 0; 1077 0 5.0 0; 1088 0 5.0 0; 1109 0 5.0 0; 1120 0 5.0 0; 1126 0 0.8 0; 1131 0 0.8 0; 1136 0 0.8 0; 1141 0 0.8 0; 1146 0 0.8 0; 1151 0 0.8 0; 1156 0 0.8 0; 1161 0 0.8 0; 1166 0 0.8 0; 1171 0 0.8 0; 1179 0 0.4 0; 1199 77.0 0 0; 
Drone 1 1 0 0 4; 429.9999999999998 0.0 2.1730470657348633
Tasks 1 1 0 0 4; FT; 5; 0 0; 150 0; 300 0; 450 0; 600 0; 750 0; 900 1; 1050 2; 1200 2; 
Tasks 1 1 0 0 4; BM; 759; 0 253; 600 253; 1200 253; 
Miss 1 1 0 0 4; 1 1 0 FT; 0; 150 0; 300 0; 450 0; 600 0; 750 0; 900 0; 1050 0; 1200 0; 
Miss 1 1 0 0 4; 1 1 0 BM; 0; 600 0; 1200 0; 
Reward 1 1 0 0 4; 36 22.8 0 0; 47 15.0 0 0; 58 15.0 0 0; 67 0 12.0 0; 84 0 24.0 0; 101 0 33.0 0; 112 0 6.0 0; 132 0 24.0 0; 180 99.0 0 0.0; 187 1.8 0 0; 194 0 1.8 0; 201 0 1.8 0; 208 0 1.8 0; 215 0 1.8 0; 222 0 1.8 0; 229 0 1.8 0; 236 0 1.8 0; 243 0 1.8 0; 250 0 1.2 0; 255 0 1.2 0; 262 0 1.2 0; 269 0 1.2 0; 276 0 1.2 0; 283 0 1.8 0; 290 0 1.8 0; 295 0 1.2 0; 302 0.0 1.6 0.0; 326 26.8 0 0; 330 1.2 0 0; 339 1.8 0 0; 346 1.8 0 0; 353 1.8 0 0; 360 1.8 0 0; 367 1.8 0 0; 372 1.2 0 0; 377 0.8 0 0; 382 0.8 0 0; 387 0.8 0 0; 392 1.0 0 0; 399 1.2 0 0; 406 1.2 0 0; 413 1.2 0 0; 426 0 1.2 0; 433 0 1.2 0; 440 0 1.2 0; 445 0 0.4 0; 450 0.0 0.4 0.0; 471 4.4 0 0; 474 0.4 0 0; 479 0 0.4 0; 484 0 0.4 0; 489 0 0.4 0; 494 0 0.4 0; 499 0 0.4 0; 504 0 0.4 0; 514 2.8 0 0; 519 0.4 0 0; 524 0.4 0 0; 529 0.4 0 0; 534 0.4 0 0; 539 0.4 0 0; 604 0.0 24.0 0.0; 621 0 33.0 0; 632 0 6.0 0; 652 0 24.0 0; 669 0 24.0 0; 678 123.0 0 0; 689 15.0 0 0; 700 13.8 0 0; 715 1.8 0 0; 722 1.8 0 0; 729 1.8 0 0; 736 1.8 0 0; 743 1.8 0 0; 750 1.8 0 0.0; 757 0 1.8 0; 764 0 1.8 0; 771 0 1.8 0; 778 0 1.8 0; 785 0 1.8 0; 792 0 1.8 0; 799 0 1.8 0; 806 0 1.8 0; 812 0 1.2 0; 817 0 1.2 0; 824 0 1.2 0; 831 0 1.2 0; 838 0 1.2 0; 845 0 1.8 0; 852 0 1.8 0; 857 0 1.2 0; 864 0 1.6 0; 871 0 1.2 0; 878 0 1.2 0; 885 0 1.2 0; 892 31.6 0 0; 899 1.2 0 0; 906 1.2 0 0.0; 925 0.8 0 0; 931 0.2 0 0; 934 0.8 0 0; 941 1.2 0 0; 948 1.2 0 0; 952 0.4 0 0; 957 0.4 0 0; 970 1.2 0 0; 975 0.8 0 0; 980 0.6 0 0; 986 0.4 0 0; 991 0.4 0 0; 996 0.4 0 0; 1001 0.4 0 0; 1006 0.4 0 0; 1011 0.4 0 0; 1016 0.4 0 0; 1021 0.4 0 0; 1026 0.4 0 0; 1031 0.4 0 0; 1036 0.4 0 0; 1058 2.0 0 0.0; 1066 0.4 0 0; 1071 0.4 0 0; 1083 0.2 0 0; 1088 0.2 0 0; 1093 0.2 0 0; 1098 0.2 0 0; 1103 0.2 0 0; 1113 0.4 0 0; 1118 0.4 0 0; 1123 0 0.4 0; 1128 0 0.4 0; 1133 0 0.4 0; 1138 0 0.4 0; 1143 0 0.4 0; 1148 0 0.4 0; 1157 0 0.4 0; 1162 0 0.4 0; 1167 0 0.4 0; 1172 0 0.4 0; 1181 0 0.4 0; 1198 4.8 0 0; 1200 3.6 0 0.0; 
Drone 1 1 0 0 5; 921.9999999999991 0.0 8.178831577301025
Tasks 1 1 0 0 5; FT; 4; 0 0; 150 0; 300 0; 450 0; 600 0; 750 0; 900 0; 1050 2; 1200 2; 
Tasks 1 1 0 0 5; BM; 2041; 0 683; 600 679; 1200 679; 
Miss 1 1 0 0 5; 1 1 0 FT; 0; 150 0; 300 0; 450 0; 600 0; 750 0; 900 0; 1050 0; 1200 0; 
Miss 1 1 0 0 5; 1 1 0 BM; 0; 600 0; 1200 0; 
Reward 1 1 0 0 5; 45 38.4 0 0; 56 24.0 0 0; 67 18.6 0 0; 76 12.0 0 0; 88 25.8 0 0; 99 24.0 0 0; 114 33.6 0 0; 131 20.4 0 0; 146 0 23.4 0; 153 0.0 7.2 0.0; 180 61.2 0 0; 208 15.0 0 0; 218 16.8 0 0; 222 3.0 0 0; 233 18.6 0 0; 243 11.4 0 0; 250 9.0 0 0; 261 13.8 0 0; 289 36.0 0 0; 300 11.4 0 0.0; 311 6.0 0 0; 320 7.2 0 0; 323 1.8 0 0; 346 1.8 0 0; 361 1.8 0 0; 368 1.8 0 0; 375 1.8 0 0; 382 1.8 0 0; 389 1.8 0 0; 396 1.8 0 0; 403 1.8 0 0; 410 1.8 0 0; 417 1.8 0 0; 424 1.8 0 0; 431 1.8 0 0; 438 1.8 0 0; 442 1.0 0 0; 447 1.4 0 0; 454 1.8 0 0.0; 461 1.8 0 0; 468 1.8 0 0; 475 1.8 0 0; 482 1.8 0 0; 489 1.8 0 0; 496 1.8 0 0; 503 1.8 0 0; 509 1.4 0 0; 512 0.6 0 0; 516 0.8 0 0; 521 1.2 0 0; 526 1.2 0 0; 531 1.2 0 0; 536 1.2 0 0; 541 1.4 0 0; 548 1.8 0 0; 552 1.0 0 0; 600 0.0 28.8 0.0; 607 0 7.2 0; 626 51.0 0 0; 643 38.4 0 0; 658 33.6 0 0; 669 24.0 0 0; 681 13.2 0 0; 690 19.2 0 0; 701 24.0 0 0; 712 21.6 0 0; 725 28.8 0 0; 735 11.4 0 0; 742 9.0 0 0; 753 13.8 0 0.0; 774 15.0 0 0; 777 6.6 0 0; 787 3.0 0 0; 798 12.6 0 0; 809 15.0 0 0; 820 6.0 0 0; 829 12.0 0 0; 832 3.0 0 0; 845 15.6 0 0; 892 30.6 0 0; 907 1.8 0 0.0; 914 1.8 0 0; 921 1.8 0 0; 928 1.8 0 0; 935 1.8 0 0; 942 1.8 0 0; 949 1.8 0 0; 956 1.8 0 0; 963 1.8 0 0; 970 1.8 0 0; 977 1.8 0 0; 982 0.8 0 0; 989 1.4 0 0; 996 1.8 0 0; 1003 1.8 0 0; 1010 1.8 0 0; 1017 1.8 0 0; 1021 0.8 0 0; 1026 0.8 0 0; 1031 0.8 0 0; 1036 0.8 0 0; 1053 1.8 0 0.0; 1131 1.2 0 0; 1141 1.1 0 0; 1143 1.1 0 0; 1150 1.8 0 0; 1157 1.8 0 0; 1164 1.8 0 0; 1171 1.8 0 0; 1178 1.8 0 0; 1185 1.8 0 0; 1192 1.8 0 0; 1197 0.8 0 0; 1200 3.6 0 0.0; 
Sum 1 1 1 0 -19819.899999999994 23090.0 10.078381776809692 4.839243054389954 2.1482691764831543
Drone 1 1 1 0 0; -2525.6 3010.0 3.9691860675811768
Tasks 1 1 1 0 0; FI; 10; 0 2; 300 2; 600 2; 900 2; 1200 2; 
Tasks 1 1 1 0 0; BM; 1227; 0 421; 600 403; 1200 403; 
Miss 1 1 1 0 0; 1 1 1 FI; 4; 300 2; 600 0; 900 2; 1200 0; 
Miss 1 1 1 0 0; 1 1 1 BM; 297; 600 150; 1200 147; 
Reward 1 1 1 0 0; 7 3.6 0 0; 11 4.0 0 0; 15 4.2 0 0; 22 1.0 0 0; 27 0.8 0 0; 31 4.8 0 0; 35 0.4 0 0; 38 1.8 0 0; 41 1.8 0 0; 44 4.0 0 0; 49 2.4 0 0; 52 0.6 0 0; 58 0.8 0 0; 63 5.0 0 0; 66 1.8 0 0; 69 0.4 0 0; 74 2.0 0 0; 78 1.8 0 0; 82 2.0 0 0; 87 3.6 0 0; 90 0.4 0 0; 95 0.4 0 0; 104 3.6 0 0; 107 4.0 0 0; 112 2.0 0 0; 117 5.6 0 0; 120 0.4 0 0; 125 3.6 0 0; 128 4.0 0 0; 133 4.2 0 0; 139 1.0 0 0; 144 3.6 0 0; 149 4.8 0 0; 152 0.4 0 0; 157 2.0 0 0; 160 1.8 0 0; 163 1.8 0 0; 168 5.6 0 0; 171 0.4 0 0; 176 3.6 0 0; 180 4.0 0 0; 184 4.2 0 0; 187 2.4 0 0; 193 3.6 0 0; 196 0.4 0 0; 201 0.4 0 0; 206 1.2 0 0; 211 0.8 0 0; 216 4.8 0 0; 219 0.4 0 0; 224 3.6 0 0; 227 2.2 0 0; 232 2.0 0 0; 236 5.6 0 0; 239 2.4 0 0; 243 0.4 0 0; 246 0.2 0 0; 250 1.6 0 0; 255 0.4 0 0; 260 1.2 0 0; 265 2.0 0 0; 275 0.4 0 0; 285 0.4 0 0; 295 0.4 0 0; 300 -18.8 0 20.0; 305 2.0 0 0; 309 1.6 0 0; 314 0.4 0 0; 319 1.8 0 0; 324 3.0 0 0; 328 1.0 0 0; 331 1.8 0 0; 335 0.8 0 0; 339 0.6 0 0; 345 0.2 0 0; 348 0.4 0 0; 353 1.9 0 0; 367 2.4 0 0; 372 1.2 0 0; 379 0.4 0 0; 384 0.8 0 0; 389 3.6 0 0; 393 3.2 0 0; 396 0.4 0 0; 401 3.6 0 0; 405 4.0 0 0; 408 2.4 0 0; 412 2.0 0 0; 417 5.6 0 0; 420 0.4 0 0; 423 1.8 0 0; 426 1.8 0 0; 430 4.0 0 0; 434 2.0 0 0; 439 5.6 0 0; 442 0.4 0 0; 447 1.8 0 0; 450 0.8 0 0; 455 0.6 0 0; 462 0.4 0 0; 466 1.6 0 0; 470 0.2 0 0; 475 1.8 0 0; 478 0.8 0 0; 483 1.0 0 0; 488 2.0 0 0; 492 0.8 0 0; 497 0.6 0 0; 503 0.6 0 0; 508 2.0 0 0; 517 2.0 0 0; 521 3.2 0 0; 525 2.0 0 0; 530 5.6 0 0; 533 0.4 0 0; 538 3.6 0 0; 542 0.4 0 0; 546 0.4 0 0; 553 0.8 0 0; 558 3.2 0 0; 561 0.4 0 0; 578 0.4 0 0; 583 0.4 0 0; 588 0.4 0 0; 600 -1496.4 0 1500.0; 603 1.8 0 0; 606 4.0 0 0; 611 2.0 0 0; 615 5.6 0 0; 618 0.4 0 0; 623 1.8 0 0; 627 0.8 0 0; 631 0.6 0 0; 638 0.4 0 0; 643 1.6 0 0; 646 0.2 0 0; 651 1.8 0 0; 654 0.8 0 0; 659 1.0 0 0; 664 3.6 0 0; 668 0.8 0 0; 673 1.8 0 0; 680 1.0 0 0; 685 3.6 0 0; 689 5.6 0 0; 692 1.6 0 0; 696 0.4 0 0; 701 3.6 0 0; 704 4.0 0 0; 709 2.0 0 0; 713 0.8 0 0; 719 1.2 0 0; 724 0.4 0 0; 729 0.4 0 0; 737 1.2 0 0; 740 2.4 0 0; 746 4.8 0 0; 749 0.4 0 0; 754 2.0 0 0; 759 5.6 0 0; 762 0.4 0 0; 767 3.6 0 0; 770 4.0 0 0; 775 2.0 0 0; 780 2.0 0 0; 783 0.4 0 0; 788 0.4 0 0; 793 0.4 0 0; 798 0.4 0 0; 810 1.2 0 0; 816 0.4 0 0; 819 0.2 0 0; 836 2.0 0 0; 839 1.0 0 0; 842 1.0 0 0; 847 5.6 0 0; 850 0.4 0 0; 855 3.6 0 0; 858 2.4 0 0; 863 2.0 0 0; 868 0.8 0 0; 873 0.4 0 0; 882 3.6 0 0; 887 0.8 0 0; 891 1.8 0 0; 898 1.0 0 0; 903 -16.4 0 20.0; 908 3.2 0 0; 911 0.3 0 0; 916 1.6 0 0; 920 2.0 0 0; 925 5.6 0 0; 928 2.4 0 0; 931 0.4 0 0; 936 2.0 0 0; 939 3.2 0 0; 944 2.0 0 0; 949 5.6 0 0; 952 0.4 0 0; 957 2.0 0 0; 962 5.6 0 0; 965 0.4 0 0; 970 2.0 0 0; 975 5.6 0 0; 978 0.4 0 0; 981 1.8 0 0; 984 1.8 0 0; 987 4.0 0 0; 992 0.4 0 0; 997 1.2 0 0; 1002 2.0 0 0; 1012 0.4 0 0; 1017 0.4 0 0; 1026 3.6 0 0; 1030 5.6 0 0; 1034 0.4 0 0; 1039 2.0 0 0; 1043 5.6 0 0; 1047 0.4 0 0; 1052 3.6 0 0; 1055 4.0 0 0; 1060 0.4 0 0; 1065 0.4 0 0; 1070 0.4 0 0; 1080 2.0 0 0; 1084 5.6 0 0; 1087 0.4 0 0; 1092 2.0 0 0; 1097 4.0 0 0; 1100 0.4 0 0; 1105 3.6 0 0; 1109 1.6 0 0; 1113 2.0 0 0; 1118 3.2 0 0; 1121 0.4 0 0; 1131 0.4 0 0; 1153 1.6 0 0; 1193 1.8 0 0; 1200 -1462.2 0 1470.0; 
Drone 1 1 1 0 1; -5230.0 5900.0 4.383106470108032
Tasks 1 1 1 0 1; BM; 1890; 0 630; 600 630; 1200 630; 
Miss 1 1 1 0 1; 1 1 1 BM; 590; 600 311; 1200 279; 
Reward 1 1 1 0 1; 89 0 4.0 0; 92 0 2.0 0; 97 0 4.0 0; 102 0 4.0 0; 107 0 4.0 0; 110 0 2.0 0; 115 0 4.0 0; 118 0 2.0 0; 123 0 4.0 0; 126 0 2.0 0; 131 0 4.0 0; 134 0 2.0 0; 139 0 2.0 0; 142 0 1.0 0; 149 0 2.0 0; 154 0 2.0 0; 159 0 2.0 0; 164 0 2.0 0; 169 0 2.0 0; 174 0 4.0 0; 179 0 4.0 0; 184 0 4.0 0; 189 0 4.0 0; 194 0 4.0 0; 199 0 4.0 0; 204 0 4.0 0; 209 0 2.0 0; 214 0 2.0 0; 219 0 2.0 0; 224 0 4.0 0; 229 0 4.0 0; 234 0 4.0 0; 239 0 4.0 0; 244 0 4.0 0; 247 0 2.0 0; 250 0 2.0 0; 255 0 4.0 0; 260 0 4.0 0; 265 0 4.0 0; 270 0 4.0 0; 275 0 4.0 0; 280 0 4.0 0; 285 0 2.0 0; 290 0 2.0 0; 295 0 2.0 0; 300 0 2.0 0; 305 0 2.0 0; 310 0 4.0 0; 315 0 2.0 0; 320 0 2.0 0; 325 0 2.0 0; 330 0 2.0 0; 335 0 2.0 0; 340 0 2.0 0; 345 0 2.0 0; 351 0 4.0 0; 356 0 4.0 0; 359 0 2.0 0; 362 0 2.0 0; 367 0 4.0 0; 372 0 4.0 0; 377 0 4.0 0; 382 0 4.0 0; 387 0 4.0 0; 392 0 4.0 0; 401 0 4.0 0; 406 0 4.0 0; 409 0 2.0 0; 412 0 2.0 0; 417 0 4.0 0; 422 0 4.0 0; 427 0 4.0 0; 432 0 4.0 0; 437 0 4.0 0; 442 0 4.0 0; 447 0 4.0 0; 452 0 4.0 0; 457 0 4.0 0; 462 0 4.0 0; 465 0 2.0 0; 468 0 2.0 0; 471 0 2.0 0; 474 0 2.0 0; 479 0 4.0 0; 482 0 2.0 0; 489 0 4.0 0; 498 0 4.0 0; 503 0 4.0 0; 508 0 4.0 0; 513 0 4.0 0; 518 0 4.0 0; 523 0 4.0 0; 528 0 4.0 0; 535 0 4.0 0; 540 0 4.0 0; 545 0 4.0 0; 550 0 4.0 0; 555 0 4.0 0; 560 0 4.0 0; 598 319.0 0 0; 635 -3110.0 4.0 3110.0; 638 0 2.0 0; 643 0 4.0 0; 648 0 4.0 0; 653 0 4.0 0; 658 0 4.0 0; 661 0 2.0 0; 664 0 2.0 0; 667 0 2.0 0; 670 0 2.0 0; 675 0 4.0 0; 678 0 2.0 0; 685 0 4.0 0; 690 0 4.0 0; 695 0 4.0 0; 700 0 4.0 0; 705 0 4.0 0; 710 0 4.0 0; 715 0 4.0 0; 720 0 4.0 0; 725 0 4.0 0; 730 0 4.0 0; 735 0 4.0 0; 740 0 4.0 0; 745 0 4.0 0; 750 0 4.0 0; 755 0 4.0 0; 760 0 4.0 0; 765 0 4.0 0; 768 0 2.0 0; 773 0 4.0 0; 776 0 2.0 0; 781 0 4.0 0; 786 0 4.0 0; 791 0 4.0 0; 796 0 4.0 0; 801 0 4.0 0; 806 0 4.0 0; 809 0 2.0 0; 814 0 4.0 0; 817 0 2.0 0; 822 0 2.0 0; 825 0 1.0 0; 832 0 2.0 0; 837 0 2.0 0; 842 0 2.0 0; 847 0 2.0 0; 852 0 2.0 0; 857 0 4.0 0; 862 0 4.0 0; 867 0 4.0 0; 872 0 4.0 0; 877 0 4.0 0; 882 0 4.0 0; 887 0 4.0 0; 892 0 2.0 0; 897 0 2.0 0; 902 0 2.0 0; 907 0 4.0 0; 912 0 4.0 0; 917 0 4.0 0; 922 0 4.0 0; 927 0 4.0 0; 930 0 2.0 0; 933 0 2.0 0; 938 0 4.0 0; 943 0 4.0 0; 948 0 4.0 0; 953 0 4.0 0; 958 0 4.0 0; 963 0 4.0 0; 968 0 2.0 0; 973 0 2.0 0; 978 0 2.0 0; 983 0 2.0 0; 988 0 2.0 0; 993 0 4.0 0; 998 0 2.0 0; 1003 0 2.0 0; 1008 0 2.0 0; 1013 0 2.0 0; 1018 0 2.0 0; 1023 0 2.0 0; 1028 0 2.0 0; 1034 0 4.0 0; 1039 0 4.0 0; 1042 0 2.0 0; 1045 0 2.0 0; 1050 0 4.0 0; 1055 0 4.0 0; 1060 0 4.0 0; 1065 0 4.0 0; 1070 0 4.0 0; 1075 0 4.0 0; 1084 0 4.0 0; 1089 0 4.0 0; 1092 0 2.0 0; 1095 0 2.0 0; 1100 0 4.0 0; 1105 0 4.0 0; 1110 0 4.0 0; 1115 0 4.0 0; 1120 0 4.0 0; 1125 0 4.0 0; 1130 0 4.0 0; 1135 0 4.0 0; 1140 0 4.0 0; 1199 351.0 0 0; 1200 -2790.0 0 2790.0; 
Drone 1 1 1 0 2; -4806.699999999997 5360.0 7.1122589111328125
Tasks 1 1 1 0 2; FT; 137; 0 5; 150 6; 300 10; 450 14; 600 16; 750 18; 900 20; 1050 24; 1200 24; 
Tasks 1 1 1 0 2; BM; 1560; 0 520; 600 520; 1200 520; 
Miss 1 1 1 0 2; 1 1 1 FT; 108; 150 0; 300 6; 450 10; 600 14; 750 16; 900 18; 1050 20; 1200 24; 
Miss 1 1 1 0 2; 1 1 1 BM; 428; 600 219; 1200 209; 
Reward 1 1 1 0 2; 30 2.0 0 0; 33 2.0 0 0; 38 1.0 0 0; 66 3.6 0 0; 69 1.8 0 0; 73 4.8 0 0; 76 2.4 0 0; 80 0.4 0 0; 83 0.2 0 0; 86 0.2 0 0; 89 0.1 0 0; 93 4.8 0 0; 96 1.6 0 0; 99 0.4 0 0; 102 0.2 0 0; 107 3.6 0 0; 110 1.8 0 0; 114 4.0 0 0; 117 0.8 0 0; 121 2.0 0 0; 124 1.0 0 0; 129 4.8 0 0; 132 2.4 0 0; 135 0.4 0 0; 138 0.2 0 0; 141 1.8 0 0; 144 1.8 0 0; 147 1.8 0 0; 151 4.0 0 0.0; 154 0.8 0 0; 158 2.4 0 0; 164 0.8 0 0; 167 0.4 0 0; 173 0.2 0 0; 179 2.0 0 0; 184 3.6 0 0; 188 5.6 0 0; 192 0.4 0 0; 197 3.6 0 0; 200 4.0 0 0; 205 2.0 0 0; 208 3.2 0 0; 212 2.0 0 0; 217 5.6 0 0; 220 0.4 0 0; 225 4.8 0 0; 228 0.4 0 0; 233 0.4 0 0; 242 0 3.6 0; 246 0 4.0 0; 250 0 4.2 0; 255 0 3.6 0; 260 0 1.2 0; 263 0 0.4 0; 268 0 0.2 0; 273 0 1.0 0; 278 0 2.8 0; 281 0 2.4 0; 284 0 0.4 0; 289 0 2.0 0; 293 0 4.8 0; 296 0 1.6 0; 300 -60.0 0.4 60.0; 305 0 0.4 0; 310 0 3.6 0; 313 0 1.6 0; 318 0 2.0 0; 322 0 3.2 0; 326 0 0.4 0; 331 0 3.6 0; 334 0 1.6 0; 339 0 2.0 0; 343 0 3.2 0; 346 0 1.6 0; 349 0 0.4 0; 352 0 0.2 0; 357 0 3.6 0; 360 0 1.8 0; 364 0 2.4 0; 367 0 2.4 0; 370 0 2.4 0; 373 0 0.8 0; 376 0 0.4 0; 379 0 0.2 0; 384 0 2.0 0; 389 0 2.8 0; 392 0 2.4 0; 395 0 0.4 0; 400 0 0.4 0; 407 0 0.4 0; 412 0 0.4 0; 422 79.4 0 0; 427 1.1 0 0; 432 1.8 0 0; 436 4.8 0 0; 440 0.4 0 0; 444 4.8 0 0; 447 2.4 0 0; 450 -99.6 0 100.0; 455 2.0 0 0; 460 5.6 0 0; 463 2.4 0 0; 466 0.4 0 0; 469 0.2 0 0; 474 3.6 0 0; 477 1.8 0 0; 481 2.4 0 0; 484 2.4 0 0; 488 2.0 0 0; 491 1.0 0 0; 496 4.8 0 0; 499 2.4 0 0; 502 0.4 0 0; 505 0.2 0 0; 510 3.6 0 0; 513 1.8 0 0; 517 2.4 0 0; 520 2.4 0 0; 524 2.4 0 0; 527 2.4 0 0; 534 0.8 0 0; 538 5.0 0 0; 542 0.4 0 0; 547 3.6 0 0; 550 3.4 0 0; 555 1.2 0 0; 558 0.9 0 0; 561 1.6 0 0; 565 2.4 0 0; 570 4.8 0 0; 575 1.8 0 0; 578 0.4 0 0; 581 0.2 0 0; 586 0.4 0 0; 589 0.2 0 0; 594 1.4 0 0; 599 2.0 0 0; 600 -2322.8 0 2330.0; 603 0.4 0 0; 608 2.0 0 0; 611 1.8 0 0; 614 1.6 0 0; 619 2.4 0 0; 624 4.8 0 0; 629 3.6 0 0; 633 0.4 0 0; 636 0.2 0 0; 640 3.6 0 0; 644 0.4 0 0; 649 2.0 0 0; 652 1.8 0 0; 655 1.6 0 0; 660 2.0 0 0; 663 1.8 0 0; 666 0.2 0 0; 669 0.1 0 0; 682 0.8 0 0; 685 0.4 0 0; 689 4.8 0 0; 692 0.4 0 0; 695 0.2 0 0; 700 4.2 0 0; 703 0.4 0 0; 708 3.6 0 0; 712 4.0 0 0; 716 2.0 0 0; 721 4.0 0 0; 724 2.4 0 0; 727 0.4 0 0; 730 0.1 0 0; 735 3.6 0 0; 738 1.8 0 0; 742 2.4 0 0; 745 2.4 0 0; 749 4.2 0 0; 752 -159.4 0 160.0; 758 0.8 0 0; 761 0.4 0 0; 766 4.8 0 0; 769 1.8 0 0; 772 0.4 0 0; 775 0.2 0 0; 780 3.6 0 0; 783 1.8 0 0; 787 4.0 0 0; 790 0.8 0 0; 794 2.0 0 0; 799 5.6 0 0; 802 0.4 0 0; 807 2.0 0 0; 812 5.6 0 0; 815 2.4 0 0; 818 0.4 0 0; 823 4.8 0 0; 826 0.8 0 0; 829 0.4 0 0; 834 2.0 0 0; 839 5.6 0 0; 842 0.4 0 0; 847 3.6 0 0; 850 4.0 0 0; 855 4.2 0 0; 861 7.2 0 0; 867 3.0 0 0; 870 0.4 0 0; 875 2.0 0 0; 880 5.0 0 0; 883 2.4 0 0; 886 0.4 0 0; 889 0.2 0 0; 894 3.6 0 0; 897 1.8 0 0; 900 -177.6 0 180.0; 903 2.4 0 0; 908 2.0 0 0; 911 1.8 0 0; 914 1.8 0 0; 917 0.1 0 0; 922 1.6 0 0; 926 2.0 0 0; 929 1.0 0 0; 934 4.8 0 0; 937 0.4 0 0; 940 0.2 0 0; 945 4.8 0 0; 948 0.4 0 0; 953 3.6 0 0; 956 4.0 0 0; 961 2.0 0 0; 964 1.8 0 0; 967 1.6 0 0; 972 0.2 0 0; 975 0.1 0 0; 980 0.2 0 0; 985 1.8 0 0; 990 2.0 0 0; 993 0.4 0 0; 998 0.8 0 0; 1003 5.6 0 0; 1006 0.4 0 0; 1011 0.3 0 0; 1016 0.2 0 0; 1025 0.4 0 0; 1030 0.6 0 0; 1035 2.0 0 0; 1038 1.0 0 0; 1043 4.8 0 0; 1046 0.4 0 0; 1049 0.4 0 0; 1052 -199.8 0 200.0; 1055 1.8 0 0; 1058 1.8 0 0; 1061 1.8 0 0; 1064 4.0 0 0; 1067 0.8 0 0; 1072 2.4 0 0; 1078 0.8 0 0; 1081 0.4 0 0; 1087 0.2 0 0; 1092 0.4 0 0; 1097 0.4 0 0; 1100 0.2 0 0; 1103 0.2 0 0; 1116 0.4 0 0; 1138 0.6 0 0; 1145 0.6 0 0; 1150 2.0 0 0; 1155 4.8 0 0; 1158 2.4 0 0; 1161 0.4 0 0; 1166 2.0 0 0; 1169 3.2 0 0; 1174 0.2 0 0; 1179 1.9 0 0; 1184 1.8 0 0; 1189 4.8 0 0; 1192 0.4 0 0; 1197 4.8 0 0; 1200 -2322.8 0 2330.0; 
Drone 1 1 1 0 3; -321.8 910.0 1.7500901222229004
Tasks 1 1 1 0 3; BM; 1023; 0 341; 600 341; 1200 341; 
Miss 1 1 1 0 3; 1 1 1 BM; 91; 600 54; 1200 37; 
Reward 1 1 1 0 3; 70 0 4.0 0; 73 0 2.0 0; 78 0 4.0 0; 81 0 2.0 0; 86 0 4.0 0; 89 0 2.0 0; 94 0 4.0 0; 99 0 4.0 0; 104 0 4.0 0; 117 0 4.0 0; 122 0 4.0 0; 125 0 2.0 0; 130 0 4.0 0; 133 0 2.0 0; 138 0 4.0 0; 153 0 4.0 0; 156 0 2.0 0; 161 0 4.0 0; 164 0 2.0 0; 169 0 4.0 0; 172 0 2.0 0; 177 0 4.0 0; 180 0 2.0 0; 185 0 4.0 0; 188 0 2.0 0; 193 0 4.0 0; 198 0 4.0 0; 203 0 4.0 0; 208 0 2.0 0; 213 0 2.0 0; 218 0 4.0 0; 223 0 4.0 0; 228 0 4.0 0; 233 0 4.0 0; 238 0 2.0 0; 243 0 2.0 0; 248 0 2.0 0; 257 0 4.0 0; 262 0 4.0 0; 267 0 4.0 0; 272 0 4.0 0; 277 0 4.0 0; 282 0 4.0 0; 287 0 4.0 0; 292 0 4.0 0; 297 0 4.0 0; 302 0 4.0 0; 307 0 4.0 0; 312 0 4.0 0; 317 0 4.0 0; 322 0 4.0 0; 327 0 4.0 0; 332 0 4.0 0; 337 0 4.0 0; 342 0 4.0 0; 347 0 2.0 0; 352 0 2.0 0; 357 0 2.0 0; 362 0 4.0 0; 367 0 4.0 0; 372 0 4.0 0; 377 0 4.0 0; 382 0 4.0 0; 387 0 4.0 0; 392 0 4.0 0; 397 0 4.0 0; 400 0 2.0 0; 403 0 2.0 0; 408 0 4.0 0; 413 0 4.0 0; 418 0 4.0 0; 423 0 4.0 0; 428 0 4.0 0; 436 0 3.2 0; 444 0 0.8 0; 449 0 4.0 0; 454 0 4.0 0; 459 0 4.0 0; 464 0 2.0 0; 469 0 2.0 0; 474 0 2.0 0; 479 0 2.0 0; 484 0 2.0 0; 489 0 2.0 0; 494 0 2.0 0; 499 0 1.0 0; 559 0 4.0 0; 599 287.0 0 0; 614 -540.0 4.0 540.0; 617 0 2.0 0; 622 0 4.0 0; 625 0 2.0 0; 630 0 4.0 0; 633 0 2.0 0; 638 0 4.0 0; 641 0 2.0 0; 646 0 4.0 0; 649 0 2.0 0; 656 0 4.0 0; 661 0 4.0 0; 666 0 4.0 0; 671 0 4.0 0; 676 0 4.0 0; 691 0 4.0 0; 694 0 2.0 0; 699 0 4.0 0; 702 0 2.0 0; 707 0 4.0 0; 710 0 2.0 0; 715 0 4.0 0; 718 0 2.0 0; 723 0 4.0 0; 726 0 2.0 0; 731 0 4.0 0; 736 0 4.0 0; 741 0 4.0 0; 746 0 2.0 0; 751 0 4.0 0; 756 0 4.0 0; 761 0 4.0 0; 766 0 4.0 0; 771 0 4.0 0; 776 0 2.0 0; 781 0 2.0 0; 786 0 2.0 0; 791 0 2.0 0; 799 0 8.0 0; 806 0 0.8 0; 811 0 2.4 0; 816 0 4.0 0; 821 0 4.0 0; 826 0 4.0 0; 831 0 4.0 0; 836 0 4.0 0; 841 0 4.0 0; 846 0 4.0 0; 851 0 4.0 0; 856 0 4.0 0; 861 0 4.0 0; 866 0 4.0 0; 871 0 4.0 0; 876 0 4.0 0; 881 0 4.0 0; 886 0 4.0 0; 891 0 4.0 0; 896 0 4.0 0; 901 0 2.0 0; 906 0 2.0 0; 911 0 2.0 0; 916 0 4.0 0; 921 0 4.0 0; 926 0 4.0 0; 931 0 4.0 0; 936 0 4.0 0; 941 0 4.0 0; 946 0 4.0 0; 951 0 4.0 0; 954 0 2.0 0; 957 0 2.0 0; 962 0 4.0 0; 967 0 4.0 0; 972 0 4.0 0; 977 0 4.0 0; 982 0 4.0 0; 990 0 3.2 0; 997 0 0.8 0; 1002 0 4.0 0; 1007 0 4.0 0; 1012 0 4.0 0; 1017 0 2.0 0; 1022 0 2.0 0; 1027 0 2.0 0; 1032 0 2.0 0; 1037 0 2.0 0; 1042 0 2.0 0; 1047 0 2.0 0; 1052 0 1.0 0; 1088 0 2.4 0; 1101 0 3.0 0; 1120 0 1.0 0; 1127 0 0.4 0; 1130 0 0.2 0; 1195 301.2 0 0; 1200 -370.0 0 370.0; 
Drone 1 1 1 0 4; 428.3999999999997 30.0 1.7424349784851074
Tasks 1 1 1 0 4; FT; 5; 0 0; 150 0; 300 0; 450 0; 600 0; 750 0; 900 1; 1050 2; 1200 2; 
Tasks 1 1 1 0 4; BM; 759; 0 253; 600 253; 1200 253; 
Miss 1 1 1 0 4; 1 1 1 FT; 1; 150 0; 300 0; 450 0; 600 0; 750 0; 900 0; 1050 1; 1200 0; 
Miss 1 1 1 0 4; 1 1 1 BM; 2; 600 2; 1200 0; 
Reward 1 1 1 0 4; 23 3.6 0 0; 27 4.0 0 0; 31 4.2 0 0; 36 4.8 0 0; 41 1.2 0 0; 44 0.4 0 0; 49 0.8 0 0; 54 1.0 0 0; 58 1.0 0 0; 63 3.4 0 0; 66 0.2 0 0; 71 2.0 0 0; 76 3.8 0 0; 79 0.4 0 0; 82 0.2 0 0; 87 0.4 0 0; 94 0.2 0 0; 99 3.6 0 0; 102 4.0 0 0; 107 2.0 0 0; 110 3.2 0 0; 113 2.4 0 0; 116 0.4 0 0; 121 3.6 0 0; 124 1.8 0 0; 127 1.8 0 0; 131 2.4 0 0; 134 0.8 0 0; 138 2.4 0 0; 144 0.8 0 0; 147 0.4 0 0; 152 2.4 0 0.0; 155 1.0 0 0; 158 0.2 0 0; 163 3.2 0 0; 166 0.2 0 0; 171 0 1.8 0; 175 0 3.2 0; 179 0 2.0 0; 184 0 5.6 0; 187 0 0.4 0; 192 0 2.0 0; 197 0 5.6 0; 200 0 0.4 0; 205 0 4.8 0; 208 0 2.4 0; 211 0 0.4 0; 216 0 2.0 0; 221 0 5.6 0; 224 0 0.4 0; 229 0 2.0 0; 234 0 5.6 0; 237 0 1.6 0; 240 0 0.4 0; 245 0 2.0 0; 248 0 3.2 0; 253 0 2.0 0; 257 0 5.6 0; 261 0 0.4 0; 266 0 2.0 0; 269 0 1.8 0; 272 0 1.8 0; 275 0 2.4 0; 280 0 4.2 0; 286 0 0.8 0; 291 0 2.6 0; 294 0 0.2 0; 299 0 0.3 0; 304 0.0 1.8 0.0; 309 0 5.6 0; 312 0 0.4 0; 316 0 4.8 0; 320 0 0.4 0; 325 0 2.0 0; 329 0 0.8 0; 334 0 0.6 0; 339 0 1.0 0; 344 0 0.4 0; 349 0 0.2 0; 361 0 1.8 0; 365 0 2.6 0; 369 0 1.0 0; 374 0 4.0 0; 377 0 0.2 0; 382 0 1.8 0; 385 0 1.6 0; 390 0 2.0 0; 395 0 3.2 0; 398 0 0.4 0; 403 0 3.6 0; 406 0 4.0 0; 411 0 0.4 0; 416 0 1.2 0; 421 0 1.4 0; 426 0 3.6 0; 429 0 0.4 0; 434 0 0.4 0; 448 0 0.4 0; 461 0.0 1.2 0.0; 466 0 2.0 0; 470 0 2.4 0; 473 0 0.2 0; 478 0 1.8 0; 482 0 3.2 0; 486 0 0.2 0; 491 0 0.4 0; 496 0 0.4 0; 506 0 0.2 0; 527 0 3.6 0; 532 144.3 0 0; 536 0.4 0 0; 541 0.4 0 0; 546 0.2 0 0; 552 0.2 0 0; 557 1.8 0 0; 561 3.2 0 0; 565 1.0 0 0; 570 4.0 0 0; 573 0.2 0 0; 578 0.4 0 0; 583 0.4 0 0; 588 0.4 0 0; 600 -17.6 0 20.0; 603 0.6 0 0; 609 3.0 0 0; 612 1.0 0 0; 615 0.2 0 0; 620 2.6 0 0; 623 0.2 0 0; 628 0 1.8 0; 631 0 3.2 0; 636 0 2.0 0; 641 0 5.6 0; 644 0 0.4 0; 649 0 2.0 0; 654 0 5.6 0; 657 0 0.4 0; 662 0 4.8 0; 665 0 2.4 0; 668 0 0.4 0; 673 0 2.0 0; 677 0 5.6 0; 681 0 0.4 0; 686 0 2.0 0; 690 0 5.6 0; 693 0 1.6 0; 697 0 0.4 0; 702 0 2.0 0; 705 0 3.2 0; 710 0 2.0 0; 714 0 5.6 0; 718 0 0.4 0; 723 0 2.0 0; 726 0 1.8 0; 729 0 1.8 0; 732 0 2.4 0; 736 0 4.2 0; 743 0 0.8 0; 747 0 2.6 0; 751 0.0 0.2 0.0; 756 0 0.3 0; 761 0 1.8 0; 765 0 5.6 0; 769 0 0.4 0; 773 0 4.8 0; 777 0 0.4 0; 782 0 2.0 0; 786 0 0.8 0; 791 0 0.6 0; 796 0 1.0 0; 801 0 0.4 0; 806 0 0.2 0; 818 0 1.8 0; 821 0 2.6 0; 826 0 1.0 0; 831 0 4.0 0; 834 0 0.2 0; 839 0 1.8 0; 842 0 1.6 0; 847 0 2.0 0; 852 0 3.2 0; 855 0 0.4 0; 860 0 3.6 0; 863 0 4.0 0; 868 0 0.4 0; 873 0 1.2 0; 878 0 1.4 0; 882 0 3.6 0; 886 0 0.4 0; 891 0 0.4 0; 904 0.0 0.4 0.0; 917 0 1.2 0; 922 0 2.0 0; 927 0 2.4 0; 930 0 0.2 0; 935 0 1.8 0; 939 0 3.2 0; 943 0 0.2 0; 948 0 0.4 0; 953 0 0.4 0; 963 0 0.2 0; 984 0 3.6 0; 989 146.7 0 0; 993 0.4 0 0; 998 0.4 0 0; 1003 1.2 0 0; 1006 1.0 0 0; 1009 1.0 0 0; 1013 4.8 0 0; 1016 0.4 0 0; 1019 0.2 0 0; 1024 3.6 0 0; 1028 4.0 0 0; 1031 2.4 0 0; 1034 0.4 0 0; 1039 4.8 0 0; 1042 0.4 0 0; 1047 2.0 0 0; 1052 -6.8 0 10.0; 1055 0.2 0 0; 1060 1.0 0 0; 1065 4.0 0 0; 1068 0.2 0 0; 1073 0.4 0 0; 1078 0.4 0 0; 1087 3.6 0 0; 1091 5.6 0 0; 1095 0.4 0 0; 1098 1.8 0 0; 1102 5.6 0 0; 1106 0.4 0 0; 1110 4.8 0 0; 1114 0.4 0 0; 1119 2.0 0 0; 1123 3.4 0 0; 1127 0.2 0 0; 1132 1.0 0 0; 1135 2.4 0 0; 1140 0.4 0 0; 1145 1.2 0 0; 1150 1.0 0 0; 1154 1.6 0 0; 1157 0.2 0 0; 1166 0.2 0 0; 1185 0.2 0 0; 1195 0.2 0 0; 1200 3.6 0 0.0; 
Drone 1 1 1 0 5; -7364.199999999997 7880.0 10.078381776809692
Tasks 1 1 1 0 5; FT; 4; 0 0; 150 0; 300 0; 450 0; 600 0; 750 0; 900 0; 1050 2; 1200 2; 
Tasks 1 1 1 0 5; BM; 2041; 0 683; 600 679; 1200 679; 
Miss 1 1 1 0 5; 1 1 1 FT; 0; 150 0; 300 0; 450 0; 600 0; 750 0; 900 0; 1050 0; 1200 0; 
Miss 1 1 1 0 5; 1 1 1 BM; 788; 600 411; 1200 377; 
Reward 1 1 1 0 5; 32 3.6 0 0; 36 4.0 0 0; 39 2.4 0 0; 42 2.4 0 0; 45 0.4 0 0; 50 2.0 0 0; 54 5.6 0 0; 58 0.4 0 0; 63 3.6 0 0; 66 4.0 0 0; 71 2.0 0 0; 75 5.6 0 0; 79 0.4 0 0; 84 2.0 0 0; 88 5.6 0 0; 91 2.4 0 0; 94 2.4 0 0; 98 0.4 0 0; 101 0.2 0 0; 105 5.6 0 0; 108 1.6 0 0; 111 0.4 0 0; 114 0.2 0 0; 119 3.6 0 0; 122 1.8 0 0; 125 1.8 0 0; 130 1.6 0 0; 135 0.3 0 0; 138 0.2 0 0; 143 0.4 0 0; 148 0.4 0 0; 154 0.4 0 0.0; 157 0.2 0 0; 162 1.8 0 0; 165 0.9 0 0; 169 0.8 0 0; 173 1.0 0 0; 178 1.6 0 0; 181 0.2 0 0; 186 1.8 0 0; 190 0.8 0 0; 194 2.4 0 0; 201 0.7 0 0; 204 1.8 0 0; 207 1.8 0 0; 210 1.8 0 0; 215 3.6 0 0; 218 2.4 0 0; 223 3.6 0 0; 226 0.4 0 0; 231 2.0 0 0; 236 5.6 0 0; 239 2.4 0 0; 242 0.4 0 0; 247 4.8 0 0; 250 0.4 0 0; 255 3.6 0 0; 258 4.0 0 0; 263 4.2 0 0; 268 2.4 0 0; 272 1.2 0 0; 276 0.2 0 0; 281 0.4 0 0; 285 3.4 0 0; 289 0.2 0 0; 294 2.0 0 0; 298 3.8 0 0; 302 0.4 0 0.0; 307 0.4 0 0; 312 2.0 0 0; 316 4.4 0 0; 320 0.4 0 0; 325 3.6 0 0; 328 1.8 0 0; 331 0.6 0 0; 335 0.4 0 0; 338 0.2 0 0; 343 0.4 0 0; 348 0.4 0 0; 355 0.4 0 0; 360 1.8 0 0; 363 0.8 0 0; 368 0.6 0 0; 375 0.4 0 0; 379 1.6 0 0; 383 0.2 0 0; 388 1.8 0 0; 391 0.8 0 0; 396 1.0 0 0; 400 0.8 0 0; 403 0.1 0 0; 410 0.4 0 0; 415 0.4 0 0; 424 3.6 0 0; 427 1.8 0 0; 432 2.4 0 0; 435 0.2 0 0; 438 0.1 0 0; 446 4.8 0 0; 450 0.4 0 0.0; 453 0.2 0 0; 470 3.6 0 0; 474 5.6 0 0; 478 0.4 0 0; 483 2.0 0 0; 487 5.6 0 0; 491 0.4 0 0; 496 3.6 0 0; 499 4.0 0 0; 504 2.0 0 0; 508 5.6 0 0; 511 0.4 0 0; 516 2.0 0 0; 521 5.6 0 0; 524 0.4 0 0; 529 4.8 0 0; 532 0.4 0 0; 537 2.0 0 0; 542 3.2 0 0; 545 0.4 0 0; 550 1.2 0 0; 554 2.4 0 0; 558 0.4 0 0; 563 0.4 0 0; 568 0.4 0 0; 577 1.2 0 0; 584 0.8 0 0; 589 5.6 0 0; 592 0.4 0 0; 597 3.6 0 0; 600 -4102.8 0 4110.0; 603 0.4 0 0; 608 3.6 0 0; 612 4.0 0 0; 616 2.0 0 0; 621 5.6 0 0; 624 0.4 0 0; 629 2.0 0 0; 634 5.6 0 0; 637 0.4 0 0; 642 2.0 0 0; 647 5.6 0 0; 650 0.4 0 0; 655 3.6 0 0; 658 4.0 0 0; 663 2.0 0 0; 668 5.6 0 0; 671 0.4 0 0; 676 2.0 0 0; 681 5.6 0 0; 684 2.4 0 0; 687 2.4 0 0; 690 0.4 0 0; 693 0.2 0 0; 698 5.6 0 0; 701 1.6 0 0; 704 0.4 0 0; 707 0.2 0 0; 712 3.6 0 0; 715 1.8 0 0; 718 1.8 0 0; 723 1.6 0 0; 727 1.9 0 0; 730 1.0 0 0; 735 4.8 0 0; 738 0.4 0 0; 743 1.1 0 0; 748 4.0 0 0; 751 1.6 0 0.0; 754 2.4 0 0; 757 0.3 0 0; 762 2.0 0 0; 765 3.2 0 0; 770 3.6 0 0; 775 4.2 0 0; 779 0.8 0 0; 783 0.4 0 0; 788 0.8 0 0; 792 5.0 0 0; 796 0.4 0 0; 800 3.6 0 0; 803 0.4 0 0; 808 0.4 0 0; 816 2.4 0 0; 819 2.4 0 0; 824 3.6 0 0; 830 3.6 0 0; 833 0.4 0 0; 838 2.4 0 0; 841 0.4 0 0; 846 2.0 0 0; 851 5.6 0 0; 854 0.4 0 0; 859 2.0 0 0; 862 3.2 0 0; 867 2.4 0 0; 873 0.4 0 0; 878 0.8 0 0; 881 1.8 0 0; 884 1.8 0 0; 889 3.6 0 0; 892 0.4 0 0; 897 0.4 0 0; 902 2.7 0 0.0; 907 1.6 0 0; 910 0.2 0 0; 915 1.8 0 0; 918 0.8 0 0; 923 1.0 0 0; 926 0.8 0 0; 929 0.8 0 0; 933 0.2 0 0; 938 1.8 0 0; 941 0.8 0 0; 946 0.6 0 0; 952 0.4 0 0; 957 1.6 0 0; 960 0.2 0 0; 965 1.8 0 0; 968 0.8 0 0; 973 1.0 0 0; 978 0.8 0 0; 981 0.1 0 0; 986 1.8 0 0; 989 3.2 0 0; 994 3.6 0 0; 999 4.8 0 0; 1003 1.8 0 0; 1007 0.4 0 0; 1012 0.8 0 0; 1016 5.0 0 0; 1020 0.4 0 0; 1025 3.6 0 0; 1028 1.8 0 0; 1031 2.4 0 0; 1035 2.0 0 0; 1038 1.0 0 0; 1043 2.4 0 0; 1046 0.2 0 0; 1049 0.1 0 0; 1054 1.8 0 0.0; 1058 2.0 0 0; 1062 0.2 0 0; 1067 0.4 0 0; 1072 0.4 0 0; 1081 3.6 0 0; 1085 4.0 0 0; 1089 2.0 0 0; 1093 3.2 0 0; 1096 2.4 0 0; 1099 0.4 0 0; 1104 2.0 0 0; 1108 5.6 0 0; 1112 0.4 0 0; 1117 3.6 0 0; 1120 1.8 0 0; 1123 0.9 0 0; 1127 1.6 0 0; 1131 0.2 0 0; 1136 1.8 0 0; 1139 0.8 0 0; 1143 0.6 0 0; 1150 0.4 0 0; 1155 1.6 0 0; 1158 0.8 0 0; 1161 0.2 0 0; 1164 0.1 0 0; 1169 0.4 0 0; 1172 0.2 0 0; 1179 0.4 0 0; 1184 0.4 0 0; 1191 1.0 0 0; 1195 1.0 0 0; 1200 -3766.5 0 3770.0; 
Sum 1 1 2 0 3024.7 1120.0 2.741852283477783 1.4274800618489583 2.041745185852051
Drone 1 1 2 0 0; 461.00000000000057 150.0 1.4714620113372803
Tasks 1 1 2 0 0; FI; 10; 0 2; 300 2; 600 2; 900 2; 1200 2; 
Tasks 1 1 2 0 0; BM; 1227; 0 421; 600 403; 1200 403; 
Miss 1 1 2 0 0; 1 1 2 FI; 4; 300 2; 600 0; 900 2; 1200 0; 
Miss 1 1 2 0 0; 1 1 2 BM; 11; 600 9; 1200 2; 
Reward 1 1 2 0 0; 24 38.4 0 0; 41 38.4 0 0; 58 38.4 0 0; 70 9.6 0 0; 100 31.2 0 0; 117 21.6 0 0; 147 21.0 0 0; 154 9.0 0 0; 226 21.0 0 0; 237 7.2 0 0; 254 2.4 0 0; 279 4.2 0 0; 296 4.8 0 0; 310 -18.2 0 20.0; 317 1.8 0 0; 324 1.8 0 0; 331 1.8 0 0; 338 1.8 0 0; 345 1.8 0 0; 352 1.8 0 0; 359 1.8 0 0; 366 1.8 0 0; 373 1.8 0 0; 380 1.8 0 0; 387 1.8 0 0; 394 1.8 0 0; 401 1.8 0 0; 408 1.8 0 0; 415 1.8 0 0; 423 2.0 0 0; 430 1.0 0 0; 445 1.8 0 0; 452 1.8 0 0; 459 1.8 0 0; 466 1.8 0 0; 473 1.8 0 0; 477 0.8 0 0; 482 0.8 0 0; 487 0.8 0 0; 492 0.8 0 0; 497 0.8 0 0; 502 0.8 0 0; 507 0.8 0 0; 520 1.8 0 0; 534 1.8 0 0; 600 -66.0 0 90.0; 607 6.0 0 0; 642 31.2 0 0; 659 21.6 0 0; 711 38.4 0 0; 728 38.4 0 0; 745 38.4 0 0; 762 11.4 0 0; 779 9.6 0 0; 795 8.4 0 0; 808 4.2 0 0; 825 4.8 0 0; 839 1.8 0 0; 846 1.8 0 0; 853 1.8 0 0; 860 1.8 0 0; 867 1.8 0 0; 874 1.8 0 0; 881 1.8 0 0; 888 1.8 0 0; 895 1.8 0 0; 902 -18.2 0 20.0; 909 1.8 0 0; 916 1.8 0 0; 923 1.8 0 0; 930 1.8 0 0; 937 1.8 0 0; 944 1.8 0 0; 951 1.8 0 0; 958 1.8 0 0; 965 1.8 0 0; 972 1.8 0 0; 977 0.8 0 0; 982 0.8 0 0; 987 0.8 0 0; 992 0.8 0 0; 997 0.8 0 0; 1002 0.8 0 0; 1007 0.8 0 0; 1012 0.8 0 0; 1019 1.2 0 0; 1025 1.6 0 0; 1044 1.8 0 0; 1058 1.8 0 0; 1065 1.8 0 0; 1068 0.4 0 0; 1073 0.4 0 0; 1110 3.0 0 0; 1117 1.8 0 0; 1124 1.8 0 0; 1131 2.4 0 0; 1136 1.6 0 0; 1142 1.2 0 0; 1147 1.2 0 0; 1152 1.2 0 0; 1157 1.2 0 0; 1160 0.6 0 0; 1177 1.8 0 0; 1184 1.8 0 0; 1191 1.8 0 0; 1194 0.6 0 0; 1197 0.4 0 0; 1200 -16.4 0 20.0; 
Drone 1 1 2 0 1; 709.8 220.0 1.1009845733642578
Tasks 1 1 2 0 1; BM; 1890; 0 630; 600 630; 1200 630; 
Miss 1 1 2 0 1; 1 1 2 BM; 22; 600 10; 1200 12; 
Reward 1 1 2 0 1; 114 0 92.4 0; 134 0 66.6 0; 183 0 85.8 0; 206 0 29.4 0; 248 0 30.0 0; 272 0 30.0 0; 324 0 19.8 0; 341 0 5.0 0; 352 0 5.0 0; 363 0 5.0 0; 374 0 5.0 0; 385 0 5.0 0; 396 0 5.0 0; 417 0 5.0 0; 428 0 5.0 0; 439 0 5.0 0; 450 0 5.0 0; 461 0 5.0 0; 472 0 5.0 0; 483 0 5.0 0; 494 0 5.0 0; 531 0 18.0 0; 550 0 5.0 0; 556 0 0.8 0; 559 0 0.4 0; 598 448.2 0 0; 646 -100.0 85.8 100.0; 669 0 72.6 0; 683 0 49.2 0; 704 0 66.6 0; 707 0 6.6 0; 738 0 30.0 0; 762 0 30.0 0; 779 0 5.0 0; 790 0 5.0 0; 801 0 5.0 0; 838 0 11.0 0; 849 0 11.0 0; 860 0 5.0 0; 871 0 5.0 0; 882 0 5.0 0; 893 0 5.0 0; 904 0 5.0 0; 915 0 5.0 0; 926 0 5.0 0; 937 0 5.0 0; 948 0 5.0 0; 959 0 5.0 0; 996 0 18.0 0; 1015 0 5.0 0; 1046 0 5.0 0; 1057 0 5.0 0; 1068 0 5.0 0; 1091 0 5.0 0; 1102 0 5.0 0; 1126 0 5.0 0; 1132 0 0.8 0; 1199 481.6 0 0; 1200 -120.0 0 120.0; 
Drone 1 1 2 0 2; 122.80000000000025 610.0 1.9479377269744873
Tasks 1 1 2 0 2; FT; 137; 0 5; 150 6; 300 10; 450 14; 600 16; 750 18; 900 20; 1050 24; 1200 24; 
Tasks 1 1 2 0 2; BM; 1560; 0 520; 600 520; 1200 520; 
Miss 1 1 2 0 2; 1 1 2 FT; 59; 150 5; 300 6; 450 0; 600 14; 750 16; 900 18; 1050 0; 1200 0; 
Miss 1 1 2 0 2; 1 1 2 BM; 2; 600 0; 1200 2; 
Reward 1 1 2 0 2; 65 38.4 0 0; 80 33.6 0 0; 87 12.6 0 0; 103 35.4 0 0; 118 27.6 0 0; 135 0 34.8 0; 147 0 18.0 0; 178 -50.0 27.0 50.0; 187 0 6.0 0; 224 109.8 0 0; 239 21.0 0 0; 262 9.6 0 0; 273 0 6.0 0; 297 0 7.2 0; 322 -42.6 0 60.0; 329 1.8 0 0; 336 1.8 0 0; 365 8.4 0 0; 399 6.4 0 0; 404 1.6 0 0; 409 0.6 0 0; 414 0.4 0 0; 438 1.8 0 0; 444 1.4 0 0; 451 1.8 0 0.0; 458 1.8 0 0; 465 1.8 0 0; 472 1.8 0 0; 479 1.8 0 0; 486 1.8 0 0; 493 1.8 0 0; 500 1.8 0 0; 507 1.8 0 0; 514 1.8 0 0; 527 1.8 0 0; 534 1.8 0 0; 541 1.8 0 0; 548 1.8 0 0; 606 -140.0 28.8 140.0; 617 0 24.0 0; 634 85.8 0 0; 650 33.0 0 0; 666 33.6 0 0; 682 35.4 0 0; 689 8.4 0 0; 705 12.6 0 0; 737 18.6 0 0; 749 15.0 0 0; 764 -139.0 0 160.0; 816 0 27.0 0; 825 0 6.0 0; 844 0 7.2 0; 866 47.4 0 0; 935 -169.8 0 180.0; 942 3.6 0 0; 949 1.4 0 0; 954 0.6 0 0; 961 0.8 0 0; 966 0.6 0 0; 973 0.6 0 0; 978 0.4 0 0; 983 0.4 0 0; 1007 1.8 0 0; 1014 1.8 0 0; 1021 1.8 0 0; 1054 12.0 0 0.0; 1061 4.0 0 0; 1066 1.2 0 0; 1073 1.4 0 0; 1081 1.2 0 0; 1086 0.8 0 0; 1091 0.8 0 0; 1096 0.6 0 0; 1101 0.4 0 0; 1106 0.4 0 0; 1112 0.4 0 0; 1115 0.2 0 0; 1155 1.8 0 0; 1162 1.8 0 0; 1169 1.8 0 0; 1176 1.8 0 0; 1183 1.8 0 0; 1190 1.8 0 0; 1197 1.8 0 0; 1200 -12.8 0 20.0; 
Drone 1 1 2 0 3; 533.4 0.0 0.33266568183898926
Tasks 1 1 2 0 3; BM; 1023; 0 341; 600 341; 1200 341; 
Miss 1 1 2 0 3; 1 1 2 BM; 0; 600 0; 1200 0; 
Reward 1 1 2 0 3; 121 0 78.0 0; 152 0 54.0 0; 173 0 30.0 0; 210 0 11.0 0; 221 0 5.0 0; 232 0 5.0 0; 243 0 5.0 0; 316 0 20.0 0; 381 0 13.8 0; 400 0 5.0 0; 411 0 5.0 0; 422 0 5.0 0; 433 0 5.0 0; 444 0 5.0 0; 455 0 5.0 0; 484 0 4.8 0; 524 0 4.0 0; 531 0 0.4 0; 534 0 0.2 0; 599 261.2 0 0; 665 0.0 78.0 0.0; 696 0 54.0 0; 717 0 30.0 0; 754 0 11.0 0; 765 0 5.0 0; 776 0 5.0 0; 787 0 5.0 0; 860 0 20.0 0; 925 0 13.8 0; 944 0 5.0 0; 955 0 5.0 0; 966 0 5.0 0; 977 0 5.0 0; 988 0 5.0 0; 999 0 5.0 0; 1028 0 4.8 0; 1068 0 4.0 0; 1150 0 5.0 0; 1161 0 5.0 0; 1167 0 0.8 0; 1172 0 0.8 0; 1199 272.2 0 0; 
Drone 1 1 2 0 4; 427.6999999999997 10.0 0.9699780941009521
Tasks 1 1 2 0 4; FT; 5; 0 0; 150 0; 300 0; 450 0; 600 0; 750 0; 900 1; 1050 2; 1200 2; 
Tasks 1 1 2 0 4; BM; 759; 0 253; 600 253; 1200 253; 
Miss 1 1 2 0 4; 1 1 2 FT; 0; 150 0; 300 0; 450 0; 600 0; 750 0; 900 0; 1050 0; 1200 0; 
Miss 1 1 2 0 4; 1 1 2 BM; 1; 600 0; 1200 1; 
Reward 1 1 2 0 4; 36 22.8 0 0; 47 15.0 0 0; 58 15.0 0 0; 67 0 12.0 0; 84 0 24.0 0; 101 0 33.0 0; 118 0 24.0 0; 138 0 6.0 0; 153 0.0 1.8 0.0; 160 0 1.8 0; 167 0 1.8 0; 174 0 1.8 0; 181 0 1.8 0; 188 0 1.8 0; 194 0 1.2 0; 199 0 1.2 0; 206 0 1.2 0; 213 0 1.2 0; 220 0 1.2 0; 235 0 1.8 0; 242 0 1.8 0; 249 0 1.8 0; 256 0 1.8 0; 263 124.8 0 0; 270 1.8 0 0; 277 1.8 0 0; 284 1.8 0 0; 291 1.8 0 0; 298 1.8 0 0; 303 1.2 0 0.0; 307 0.8 0 0; 312 0.8 0 0; 317 0.8 0 0; 323 1.0 0 0; 330 1.2 0 0; 337 1.2 0 0; 344 1.2 0 0; 351 1.2 0 0; 358 0 1.2 0; 365 0 1.2 0; 372 0 1.2 0; 379 0 1.6 0; 385 0 1.2 0; 390 0 1.2 0; 395 0 0.8 0; 400 0 0.4 0; 407 0 0.4 0; 412 0 0.4 0; 417 0 0.4 0; 422 0 0.4 0; 427 0 0.4 0; 432 0 0.4 0; 437 0 0.4 0; 442 0 0.4 0; 447 0 0.4 0; 452 0.0 0.4 0.0; 457 0 0.4 0; 462 0 0.4 0; 467 0 0.4 0; 472 0 0.4 0; 479 0 0.6 0; 488 0 0.4 0; 493 0 0.4 0; 498 0 0.4 0; 503 0 0.4 0; 508 0 0.4 0; 517 0 0.3 0; 522 0 0.2 0; 527 0 0.2 0; 532 0 0.2 0; 537 0 0.2 0; 571 0 0.4 0; 576 0 0.4 0; 581 0 0.4 0; 586 0 0.4 0; 591 0 0.4 0; 596 20.5 0 0; 602 0.0 9.6 0.0; 619 0 24.0 0; 636 0 33.0 0; 653 0 24.0 0; 710 114.6 0 0; 721 15.0 0 0; 732 13.8 0 0; 747 1.8 0 0; 754 1.8 0 0.0; 761 1.8 0 0; 768 1.8 0 0; 775 1.8 0 0; 782 1.8 0 0; 789 2.4 0 0; 796 0 2.4 0; 803 0 1.8 0; 810 0 1.8 0; 817 0 1.8 0; 824 0 1.8 0; 838 0 3.6 0; 843 0 2.8 0; 848 0 2.0 0; 855 0 1.6 0; 862 0 1.8 0; 869 0 1.8 0; 876 0 1.8 0; 883 0 1.8 0; 890 0 1.8 0; 897 0 1.2 0; 902 0.0 1.2 0.0; 909 0 1.2 0; 916 0 1.2 0; 923 0 1.2 0; 936 0 1.6 0; 943 0 1.2 0; 950 0 1.2 0; 954 0 0.4 0; 959 0 0.4 0; 964 0 0.4 0; 969 0 0.4 0; 984 41.4 0 0; 991 1.2 0 0; 998 1.2 0 0; 1005 1.2 0 0; 1012 1.8 0 0; 1019 1.2 0 0; 1024 1.2 0 0; 1029 0.4 0 0; 1034 0.4 0 0; 1040 0.6 0 0; 1051 1.6 0 0.0; 1056 0.4 0 0; 1064 0.4 0 0; 1069 0.4 0 0; 1074 0.4 0 0; 1079 0.4 0 0; 1084 0.4 0 0; 1089 0.4 0 0; 1094 0.4 0 0; 1099 0.4 0 0; 1116 0.4 0 0; 1121 0.4 0 0; 1126 0.4 0 0; 1131 0.4 0 0; 1140 0.4 0 0; 1145 0.4 0 0; 1150 0 0.4 0; 1155 0 0.4 0; 1164 0 0.4 0; 1169 0 0.4 0; 1174 0 0.4 0; 1179 0 0.4 0; 1196 2.8 0 0; 1200 -6.4 0 10.0; 
Drone 1 1 2 0 5; 769.9999999999989 130.0 2.741852283477783
Tasks 1 1 2 0 5; FT; 4; 0 0; 150 0; 300 0; 450 0; 600 0; 750 0; 900 0; 1050 2; 1200 2; 
Tasks 1 1 2 0 5; BM; 2041; 0 683; 600 679; 1200 679; 
Miss 1 1 2 0 5; 1 1 2 FT; 2; 150 0; 300 0; 450 0; 600 0; 750 0; 900 0; 1050 0; 1200 2; 
Miss 1 1 2 0 5; 1 1 2 BM; 11; 600 9; 1200 2; 
Reward 1 1 2 0 5; 45 38.4 0 0; 58 28.8 0 0; 71 28.8 0 0; 88 38.4 0 0; 102 15.6 0 0; 156 38.4 0 0.0; 167 24.0 0 0; 182 33.6 0 0; 199 30.6 0 0; 226 0 28.8 0; 233 0 7.2 0; 253 51.0 0 0; 299 22.8 0 0; 332 22.8 0 0.0; 343 7.8 0 0; 372 7.2 0 0; 395 7.2 0 0; 406 4.2 0 0; 438 4.8 0 0; 452 1.8 0 0.0; 459 1.8 0 0; 466 1.8 0 0; 473 1.8 0 0; 480 1.8 0 0; 487 1.8 0 0; 494 1.8 0 0; 501 1.8 0 0; 508 1.8 0 0; 515 1.8 0 0; 522 1.8 0 0; 601 -66.0 0 90.0; 615 30.0 0 0; 632 38.4 0 0; 635 9.0 0 0; 647 24.6 0 0; 658 24.6 0 0; 673 22.8 0 0; 684 15.0 0 0; 707 38.4 0 0; 718 24.0 0 0; 733 33.6 0 0; 750 30.6 0 0.0; 778 0 28.8 0; 785 0 7.2 0; 805 51.0 0 0; 844 13.2 0 0; 853 3.6 0 0; 874 7.2 0 0; 885 4.2 0 0; 917 7.8 0 0.0; 924 1.2 0 0; 939 1.8 0 0; 946 1.8 0 0; 953 1.8 0 0; 960 1.8 0 0; 967 1.8 0 0; 974 1.8 0 0; 981 1.8 0 0; 988 1.8 0 0; 995 1.8 0 0; 1002 1.8 0 0; 1009 1.8 0 0; 1016 1.8 0 0; 1023 1.8 0 0; 1030 1.8 0 0; 1039 1.8 0 0; 1052 1.8 0 0.0; 1059 1.8 0 0; 1066 1.8 0 0; 1073 1.8 0 0; 1080 1.8 0 0; 1087 2.4 0 0; 1094 2.4 0 0; 1101 1.2 0 0; 1111 1.8 0 0; 1118 1.8 0 0; 1125 1.8 0 0; 1132 1.8 0 0; 1139 1.8 0 0; 1145 1.8 0 0; 1154 1.8 0 0; 1161 1.8 0 0; 1168 1.8 0 0; 1175 1.8 0 0; 1182 1.8 0 0; 1189 1.8 0 0; 1196 1.8 0 0; 1200 -32.8 0 40.0; 
Sum 1 1 3 0 -14010.5 17400.0 13.621564626693726 5.752153356870015 1.7529215812683105
Drone 1 1 3 0 0; -1079.0999999999997 1620.0 3.6486639976501465
Tasks 1 1 3 0 0; FI; 10; 0 2; 300 2; 600 2; 900 2; 1200 2; 
Tasks 1 1 3 0 0; BM; 1227; 0 421; 600 403; 1200 403; 
Miss 1 1 3 0 0; 1 1 3 FI; 0; 300 0; 600 0; 900 0; 1200 0; 
Miss 1 1 3 0 0; 1 1 3 BM; 162; 600 81; 1200 81; 
Reward 1 1 3 0 0; 30 1.6 0 0; 33 1.8 0 0; 36 1.6 0 0; 41 1.2 0 0; 46 1.0 0 0; 51 1.8 0 0; 55 0.8 0 0; 60 0.6 0 0; 69 4.0 0 0; 73 4.2 0 0; 80 7.2 0 0; 83 1.2 0 0; 89 1.6 0 0; 94 2.8 0 0; 99 3.6 0 0; 104 5.6 0 0; 109 2.0 0 0; 112 3.2 0 0; 116 2.0 0 0; 121 5.6 0 0; 126 2.0 0 0; 130 5.6 0 0; 135 1.8 0 0; 142 5.4 0 0; 147 2.0 0 0; 150 1.8 0 0; 153 1.6 0 0; 157 2.0 0 0; 170 3.6 0 0; 173 1.2 0 0; 180 3.0 0 0; 184 2.0 0 0; 189 3.8 0 0; 193 2.4 0 0; 196 2.4 0 0; 202 3.6 0 0; 207 2.0 0 0; 211 5.6 0 0; 216 2.4 0 0; 223 5.4 0 0; 227 2.0 0 0; 240 3.6 0 0; 245 5.6 0 0; 250 3.0 0 0; 257 5.0 0 0; 261 2.0 0 0; 264 1.8 0 0; 267 1.8 0 0; 272 5.6 0 0; 276 0.6 0 0; 283 2.4 0 0; 290 1.8 0 0; 295 2.0 0 0; 300 3.4 0 0.0; 324 1.6 0 0; 352 2.4 0 0; 357 1.2 0 0; 363 2.8 0 0; 368 3.6 0 0; 372 4.8 0 0; 377 3.6 0 0; 380 2.4 0 0; 385 3.6 0 0; 390 2.0 0 0; 395 5.6 0 0; 399 2.4 0 0; 406 5.4 0 0; 411 2.0 0 0; 415 3.8 0 0; 420 3.6 0 0; 426 1.2 0 0; 429 1.2 0 0; 435 2.6 0 0; 440 2.0 0 0; 444 3.8 0 0; 463 1.8 0 0; 466 0.8 0 0; 470 0.6 0 0; 477 1.8 0 0; 483 1.2 0 0; 486 0.6 0 0; 493 0.6 0 0; 505 1.8 0 0; 514 1.2 0 0; 529 7.2 0 0; 532 2.4 0 0; 538 3.6 0 0; 543 2.0 0 0; 546 1.0 0 0; 550 4.8 0 0; 555 2.4 0 0; 560 3.0 0 0; 565 1.4 0 0; 569 2.0 0 0; 576 1.2 0 0; 585 4.8 0 0; 590 4.8 0 0; 595 4.8 0 0; 600 -800.4 0 810.0; 660 1.6 0 0; 665 2.7 0 0; 668 2.4 0 0; 671 0.8 0 0; 676 2.4 0 0; 679 1.2 0 0; 684 1.0 0 0; 690 2.8 0 0; 695 3.6 0 0; 699 5.6 0 0; 704 2.0 0 0; 707 3.2 0 0; 712 2.0 0 0; 717 5.6 0 0; 721 2.0 0 0; 726 5.6 0 0; 730 1.8 0 0; 737 5.4 0 0; 742 2.0 0 0; 745 1.8 0 0; 748 1.6 0 0; 753 2.0 0 0; 766 3.6 0 0; 769 1.2 0 0; 775 3.0 0 0; 780 2.0 0 0; 784 5.6 0 0; 789 2.4 0 0; 792 2.4 0 0; 797 3.6 0 0; 802 2.0 0 0; 807 5.6 0 0; 811 2.4 0 0; 818 5.4 0 0; 823 2.0 0 0; 836 3.6 0 0; 840 5.6 0 0; 845 3.0 0 0; 852 5.0 0 0; 857 2.0 0 0; 860 1.8 0 0; 863 1.8 0 0; 867 5.6 0 0; 872 0.6 0 0; 879 2.4 0 0; 886 1.8 0 0; 890 2.0 0 0; 895 3.4 0 0; 900 6.0 0 0.0; 929 1.6 0 0; 941 1.2 0 0; 946 2.0 0 0; 961 3.8 0 0; 966 2.0 0 0; 970 3.8 0 0; 976 4.8 0 0; 981 3.6 0 0; 986 2.0 0 0; 991 5.6 0 0; 995 2.4 0 0; 1002 5.4 0 0; 1007 2.0 0 0; 1010 1.8 0 0; 1013 4.0 0 0; 1018 2.4 0 0; 1021 0.6 0 0; 1028 3.0 0 0; 1038 2.4 0 0; 1043 0.8 0 0; 1049 1.4 0 0; 1054 2.0 0 0; 1059 1.8 0 0; 1063 1.6 0 0; 1068 0.6 0 0; 1071 0.6 0 0; 1076 1.2 0 0; 1081 1.0 0 0; 1086 1.6 0 0; 1111 1.8 0 0; 1120 1.2 0 0; 1136 7.2 0 0; 1139 2.4 0 0; 1144 3.6 0 0; 1149 2.0 0 0; 1152 1.0 0 0; 1156 4.8 0 0; 1161 2.4 0 0; 1166 3.0 0 0; 1171 1.4 0 0; 1176 2.0 0 0; 1182 1.2 0 0; 1191 4.8 0 0; 1200 -800.4 0 810.0; 
Drone 1 1 3 0 1; -5230.0 5900.0 9.188344240188599
Tasks 1 1 3 0 1; BM; 1890; 0 630; 600 630; 1200 630; 
Miss 1 1 3 0 1; 1 1 3 BM; 590; 600 311; 1200 279; 
Reward 1 1 3 0 1; 89 0 4.0 0; 92 0 2.0 0; 97 0 4.0 0; 102 0 4.0 0; 107 0 4.0 0; 110 0 2.0 0; 115 0 4.0 0; 118 0 2.0 0; 123 0 4.0 0; 126 0 2.0 0; 131 0 4.0 0; 134 0 2.0 0; 139 0 2.0 0; 142 0 1.0 0; 149 0 2.0 0; 154 0 2.0 0; 159 0 2.0 0; 164 0 2.0 0; 169 0 2.0 0; 174 0 4.0 0; 179 0 4.0 0; 184 0 4.0 0; 189 0 4.0 0; 194 0 4.0 0; 199 0 4.0 0; 204 0 4.0 0; 209 0 2.0 0; 214 0 2.0 0; 219 0 2.0 0; 224 0 4.0 0; 229 0 4.0 0; 234 0 4.0 0; 239 0 4.0 0; 244 0 4.0 0; 247 0 2.0 0; 250 0 2.0 0; 255 0 4.0 0; 260 0 4.0 0; 265 0 4.0 0; 270 0 4.0 0; 275 0 4.0 0; 280 0 4.0 0; 285 0 2.0 0; 290 0 2.0 0; 295 0 2.0 0; 300 0 2.0 0; 305 0 2.0 0; 310 0 4.0 0; 315 0 2.0 0; 320 0 2.0 0; 325 0 2.0 0; 330 0 2.0 0; 335 0 2.0 0; 340 0 2.0 0; 345 0 2.0 0; 351 0 4.0 0; 356 0 4.0 0; 359 0 2.0 0; 362 0 2.0 0; 367 0 4.0 0; 372 0 4.0 0; 377 0 4.0 0; 382 0 4.0 0; 387 0 4.0 0; 392 0 4.0 0; 401 0 4.0 0; 406 0 4.0 0; 409 0 2.0 0; 412 0 2.0 0; 417 0 4.0 0; 422 0 4.0 0; 427 0 4.0 0; 432 0 4.0 0; 437 0 4.0 0; 442 0 4.0 0; 447 0 4.0 0; 452 0 4.0 0; 457 0 4.0 0; 462 0 4.0 0; 465 0 2.0 0; 468 0 2.0 0; 471 0 2.0 0; 474 0 2.0 0; 479 0 4.0 0; 482 0 2.0 0; 489 0 4.0 0; 498 0 4.0 0; 503 0 4.0 0; 508 0 4.0 0; 513 0 4.0 0; 518 0 4.0 0; 523 0 4.0 0; 528 0 4.0 0; 535 0 4.0 0; 540 0 4.0 0; 545 0 4.0 0; 550 0 4.0 0; 555 0 4.0 0; 560 0 4.0 0; 598 319.0 0 0; 600 -3110.0 0 3110.0; 637 0 4.0 0; 640 0 2.0 0; 645 0 4.0 0; 650 0 4.0 0; 655 0 4.0 0; 660 0 4.0 0; 663 0 2.0 0; 666 0 2.0 0; 669 0 2.0 0; 672 0 2.0 0; 677 0 4.0 0; 680 0 2.0 0; 687 0 4.0 0; 692 0 4.0 0; 697 0 4.0 0; 702 0 4.0 0; 707 0 4.0 0; 712 0 4.0 0; 717 0 4.0 0; 722 0 4.0 0; 727 0 4.0 0; 732 0 4.0 0; 737 0 4.0 0; 742 0 4.0 0; 747 0 4.0 0; 752 0 4.0 0; 757 0 4.0 0; 762 0 4.0 0; 767 0 4.0 0; 770 0 2.0 0; 775 0 4.0 0; 778 0 2.0 0; 783 0 4.0 0; 788 0 4.0 0; 793 0 4.0 0; 798 0 4.0 0; 803 0 4.0 0; 808 0 4.0 0; 811 0 2.0 0; 816 0 4.0 0; 819 0 2.0 0; 824 0 2.0 0; 827 0 1.0 0; 834 0 2.0 0; 839 0 2.0 0; 844 0 2.0 0; 849 0 2.0 0; 854 0 2.0 0; 859 0 4.0 0; 864 0 4.0 0; 869 0 4.0 0; 874 0 4.0 0; 879 0 4.0 0; 884 0 4.0 0; 889 0 4.0 0; 894 0 2.0 0; 899 0 2.0 0; 904 0 2.0 0; 909 0 4.0 0; 914 0 4.0 0; 919 0 4.0 0; 924 0 4.0 0; 929 0 4.0 0; 932 0 2.0 0; 935 0 2.0 0; 940 0 4.0 0; 945 0 4.0 0; 950 0 4.0 0; 955 0 4.0 0; 960 0 4.0 0; 965 0 4.0 0; 970 0 2.0 0; 975 0 2.0 0; 980 0 2.0 0; 985 0 2.0 0; 990 0 2.0 0; 995 0 4.0 0; 1000 0 2.0 0; 1005 0 2.0 0; 1010 0 2.0 0; 1015 0 2.0 0; 1020 0 2.0 0; 1025 0 2.0 0; 1030 0 2.0 0; 1036 0 4.0 0; 1041 0 4.0 0; 1044 0 2.0 0; 1047 0 2.0 0; 1052 0 4.0 0; 1057 0 4.0 0; 1062 0 4.0 0; 1067 0 4.0 0; 1072 0 4.0 0; 1077 0 4.0 0; 1086 0 4.0 0; 1091 0 4.0 0; 1094 0 2.0 0; 1097 0 2.0 0; 1102 0 4.0 0; 1107 0 4.0 0; 1112 0 4.0 0; 1117 0 4.0 0; 1122 0 4.0 0; 1127 0 4.0 0; 1132 0 4.0 0; 1137 0 4.0 0; 1144 0 4.0 0; 1199 351.0 0 0; 1200 -2790.0 0 2790.0; 
Drone 1 1 3 0 2; -6101.9 6500.0 4.814861297607422
Tasks 1 1 3 0 2; FT; 137; 0 5; 150 6; 300 10; 450 14; 600 16; 750 18; 900 20; 1050 24; 1200 24; 
Tasks 1 1 3 0 2; BM; 1560; 0 520; 600 520; 1200 520; 
Miss 1 1 3 0 2; 1 1 3 FT; 0; 150 0; 300 0; 450 0; 600 0; 750 0; 900 0; 1050 0; 1200 0; 
Miss 1 1 3 0 2; 1 1 3 BM; 650; 600 310; 1200 340; 
Reward 1 1 3 0 2; 30 2.0 0 0; 33 2.0 0 0; 38 1.0 0 0; 66 3.6 0 0; 69 1.8 0 0; 73 4.8 0 0; 76 2.4 0 0; 81 2.4 0 0; 86 3.0 0 0; 89 1.0 0 0; 94 2.0 0 0; 99 4.8 0 0; 103 2.0 0 0; 106 1.8 0 0; 111 3.6 0 0; 114 1.8 0 0; 117 2.4 0 0; 122 1.8 0 0; 127 3.0 0 0; 133 3.6 0 0; 138 3.6 0 0; 143 2.0 0 0; 148 5.6 0 0; 152 0.6 0 0.0; 194 1.6 0 0; 201 3.2 0 0; 233 12.6 0 0; 247 1.2 0 0; 254 6.0 0 0; 261 5.4 0 0; 268 5.4 0 0; 271 2.4 0 0; 274 2.4 0 0; 279 2.4 0 0; 286 7.2 0 0; 291 3.6 0 0; 296 6.0 0 0; 303 7.2 0 0.0; 354 1.6 0 0; 361 4.8 0 0; 366 1.6 0 0; 415 3.6 0 0; 418 1.8 0 0; 421 1.8 0 0; 424 0.9 0 0; 429 4.8 0 0; 434 4.8 0 0; 438 2.0 0 0; 441 1.8 0 0; 452 2.4 0 0.0; 504 4.0 0 0; 509 0.8 0 0; 516 4.8 0 0; 521 1.2 0 0; 574 2.4 0 0; 579 3.0 0 0; 582 1.2 0 0; 586 2.4 0 0; 589 1.8 0 0; 593 2.0 0 0; 596 1.0 0 0; 600 -3096.4 0 3100.0; 650 2.0 0 0; 655 2.0 0 0; 658 1.0 0 0; 663 2.0 0 0; 666 2.0 0 0; 671 2.0 0 0; 676 1.0 0 0; 681 4.0 0 0; 708 3.6 0 0; 711 1.8 0 0; 716 4.8 0 0; 719 2.4 0 0; 723 2.4 0 0; 729 3.0 0 0; 732 1.0 0 0; 736 2.0 0 0; 741 4.8 0 0; 746 2.0 0 0; 749 1.8 0 0; 754 3.6 0 0.0; 778 2.0 0 0; 783 2.0 0 0; 786 1.0 0 0; 791 2.0 0 0; 794 2.0 0 0; 799 2.0 0 0; 804 2.0 0 0; 809 4.0 0 0; 814 1.0 0 0; 842 1.8 0 0; 845 0.9 0 0; 850 1.6 0 0; 855 1.8 0 0; 860 3.0 0 0; 866 3.6 0 0; 871 3.6 0 0; 876 2.0 0 0; 880 5.6 0 0; 885 0.6 0 0; 891 4.8 0 0; 897 3.6 0 0; 902 2.0 0 0.0; 935 2.0 0 0; 940 2.0 0 0; 943 1.0 0 0; 948 2.0 0 0; 951 2.0 0 0; 956 2.0 0 0; 961 2.0 0 0; 966 4.0 0 0; 971 2.0 0 0; 976 1.0 0 0; 1007 0.6 0 0; 1014 5.4 0 0; 1029 30.6 0 0; 1036 7.2 0 0; 1052 7.2 0 0.0; 1100 1.0 0 0; 1105 2.0 0 0; 1110 2.0 0 0; 1113 1.0 0 0; 1118 2.0 0 0; 1121 2.0 0 0; 1126 3.0 0 0; 1131 4.0 0 0; 1136 4.0 0 0; 1141 2.0 0 0; 1144 1.0 0 0; 1188 3.6 0 0; 1191 1.8 0 0; 1194 1.8 0 0; 1197 0.9 0 0; 1200 -3396.4 0 3400.0; 
Drone 1 1 3 0 3; -172.20000000000005 770.0 2.207367420196533
Tasks 1 1 3 0 3; BM; 1023; 0 341; 600 341; 1200 341; 
Miss 1 1 3 0 3; 1 1 3 BM; 77; 600 41; 1200 36; 
Reward 1 1 3 0 3; 70 0 4.0 0; 73 0 2.0 0; 78 0 4.0 0; 81 0 2.0 0; 86 0 4.0 0; 89 0 2.0 0; 94 0 4.0 0; 99 0 4.0 0; 104 0 4.0 0; 117 0 4.0 0; 122 0 4.0 0; 125 0 2.0 0; 130 0 4.0 0; 133 0 2.0 0; 138 0 4.0 0; 153 0 4.0 0; 156 0 2.0 0; 161 0 4.0 0; 164 0 2.0 0; 169 0 4.0 0; 172 0 2.0 0; 177 0 4.0 0; 180 0 2.0 0; 185 0 4.0 0; 188 0 2.0 0; 193 0 4.0 0; 198 0 4.0 0; 203 0 4.0 0; 208 0 2.0 0; 213 0 2.0 0; 218 0 4.0 0; 223 0 4.0 0; 228 0 4.0 0; 233 0 4.0 0; 238 0 2.0 0; 243 0 2.0 0; 248 0 2.0 0; 257 0 4.0 0; 262 0 4.0 0; 267 0 4.0 0; 272 0 4.0 0; 277 0 4.0 0; 282 0 4.0 0; 287 0 4.0 0; 292 0 4.0 0; 297 0 4.0 0; 302 0 4.0 0; 307 0 4.0 0; 312 0 4.0 0; 317 0 4.0 0; 322 0 4.0 0; 327 0 4.0 0; 332 0 4.0 0; 337 0 4.0 0; 342 0 4.0 0; 347 0 2.0 0; 352 0 2.0 0; 357 0 2.0 0; 362 0 2.0 0; 367 0 2.0 0; 372 0 4.0 0; 379 0 1.6 0; 388 0 2.4 0; 393 0 4.0 0; 398 0 4.0 0; 403 0 4.0 0; 408 0 4.0 0; 413 0 4.0 0; 418 0 4.0 0; 423 0 4.0 0; 428 0 4.0 0; 431 0 2.0 0; 434 0 2.0 0; 439 0 4.0 0; 444 0 4.0 0; 449 0 4.0 0; 454 0 4.0 0; 459 0 4.0 0; 464 0 4.0 0; 469 0 4.0 0; 482 0 4.0 0; 490 0 3.2 0; 514 0 3.2 0; 523 0 4.0 0; 528 0 4.0 0; 533 0 4.0 0; 538 0 4.0 0; 578 298.4 0 0; 600 -410.0 0 410.0; 615 0 4.0 0; 618 0 2.0 0; 623 0 4.0 0; 626 0 2.0 0; 631 0 4.0 0; 634 0 2.0 0; 639 0 4.0 0; 642 0 2.0 0; 647 0 4.0 0; 650 0 2.0 0; 657 0 4.0 0; 662 0 4.0 0; 667 0 4.0 0; 672 0 4.0 0; 677 0 4.0 0; 692 0 4.0 0; 695 0 2.0 0; 700 0 4.0 0; 703 0 2.0 0; 708 0 4.0 0; 711 0 2.0 0; 716 0 4.0 0; 719 0 2.0 0; 724 0 4.0 0; 727 0 2.0 0; 732 0 4.0 0; 737 0 4.0 0; 742 0 4.0 0; 747 0 2.0 0; 752 0 4.0 0; 757 0 4.0 0; 762 0 4.0 0; 767 0 4.0 0; 772 0 4.0 0; 777 0 2.0 0; 782 0 2.0 0; 787 0 2.0 0; 792 0 2.0 0; 800 0 8.0 0; 808 0 2.4 0; 813 0 4.0 0; 818 0 4.0 0; 823 0 4.0 0; 828 0 4.0 0; 833 0 4.0 0; 838 0 4.0 0; 843 0 4.0 0; 848 0 4.0 0; 853 0 4.0 0; 858 0 4.0 0; 863 0 4.0 0; 868 0 4.0 0; 873 0 4.0 0; 878 0 4.0 0; 883 0 4.0 0; 888 0 4.0 0; 893 0 4.0 0; 898 0 2.0 0; 903 0 2.0 0; 908 0 2.0 0; 913 0 2.0 0; 918 0 2.0 0; 923 0 4.0 0; 930 0 1.6 0; 939 0 2.4 0; 944 0 4.0 0; 949 0 4.0 0; 954 0 4.0 0; 959 0 4.0 0; 964 0 4.0 0; 969 0 4.0 0; 974 0 4.0 0; 979 0 4.0 0; 982 0 2.0 0; 985 0 2.0 0; 990 0 4.0 0; 995 0 4.0 0; 1000 0 4.0 0; 1005 0 4.0 0; 1010 0 4.0 0; 1015 0 4.0 0; 1020 0 4.0 0; 1033 0 4.0 0; 1041 0 3.2 0; 1068 0 4.8 0; 1124 0 2.0 0; 1129 0 2.0 0; 1132 0 1.0 0; 1197 299.4 0 0; 1200 -360.0 0 360.0; 
Drone 1 1 3 0 4; 402.59999999999997 0.0 1.032118558883667
Tasks 1 1 3 0 4; FT; 5; 0 0; 150 0; 300 0; 450 0; 600 0; 750 0; 900 1; 1050 2; 1200 2; 
Tasks 1 1 3 0 4; BM; 759; 0 253; 600 253; 1200 253; 
Miss 1 1 3 0 4; 1 1 3 FT; 0; 150 0; 300 0; 450 0; 600 0; 750 0; 900 0; 1050 0; 1200 0; 
Miss 1 1 3 0 4; 1 1 3 BM; 0; 600 0; 1200 0; 
Reward 1 1 3 0 4; 23 3.6 0 0; 27 4.0 0 0; 31 4.2 0 0; 36 4.8 0 0; 43 7.2 0 0; 46 2.4 0 0; 52 3.6 0 0; 56 2.0 0 0; 60 3.2 0 0; 63 2.4 0 0; 67 2.4 0 0; 74 3.0 0 0; 79 1.0 0 0; 83 2.2 0 0; 90 1.2 0 0; 96 1.8 0 0; 101 1.0 0 0; 109 2.2 0 0; 137 1.8 0 0; 140 3.2 0 0; 143 1.6 0 0; 148 2.0 0 0; 151 1.0 0 0.0; 156 4.8 0 0; 159 2.4 0 0; 164 4.8 0 0; 168 2.0 0 0; 173 1.6 0 0; 179 0 1.2 0; 186 0 3.6 0; 190 0 2.0 0; 195 0 5.6 0; 199 0 2.0 0; 204 0 5.6 0; 209 0 1.8 0; 216 0 4.8 0; 219 0 2.4 0; 223 0 4.2 0; 230 0 3.0 0; 235 0 1.0 0; 239 0 5.0 0; 242 0 2.4 0; 247 0 2.0 0; 250 0 3.2 0; 255 0 2.0 0; 260 0 5.6 0; 264 0 2.0 0; 267 0 1.8 0; 270 0 1.8 0; 274 0 2.4 0; 278 0 4.2 0; 285 0 7.2 0; 292 0 5.4 0; 297 0 2.0 0; 301 0.0 2.6 0.0; 306 0 1.0 0; 311 0 2.2 0; 317 0 1.8 0; 320 0 1.4 0; 326 0 1.2 0; 333 0 6.0 0; 338 0 2.0 0; 343 0 0.8 0; 348 0 1.6 0; 352 0 1.2 0; 359 0 3.6 0; 370 0 2.0 0; 374 0 3.8 0; 388 0 1.8 0; 392 0 1.4 0; 430 0 6.0 0; 478 124.6 0 0.0; 604 0 9.6 0; 610 13.2 0 0; 614 2.0 0 0; 617 1.8 0 0; 620 1.8 0 0; 624 2.4 0 0; 628 2.4 0 0; 635 3.0 0 0; 638 1.0 0 0; 643 2.0 0 0; 649 0 1.2 0; 656 0 2.4 0; 660 0 1.0 0; 665 0 4.0 0; 670 0 2.0 0; 674 0 5.6 0; 679 0 1.8 0; 686 0 4.8 0; 689 0 2.4 0; 693 0 4.2 0; 700 0 5.4 0; 705 0 2.0 0; 710 0 5.6 0; 713 0 1.0 0; 717 0 1.0 0; 722 0 2.2 0; 732 0 3.6 0; 735 0 4.0 0; 740 0 2.0 0; 743 0 3.2 0; 748 0 2.0 0; 752 0.0 0.8 0.0; 757 0 1.6 0; 768 0 1.2 0; 774 0 3.6 0; 779 0 2.0 0; 783 0 5.6 0; 788 0 2.0 0; 791 0 1.8 0; 794 0 1.8 0; 797 0 2.4 0; 802 0 4.2 0; 809 0 7.2 0; 816 0 5.4 0; 821 0 2.0 0; 825 0 2.6 0; 830 0 1.0 0; 834 0 2.2 0; 841 0 1.8 0; 844 0 1.4 0; 861 0 1.2 0; 867 0 2.0 0; 872 0 2.0 0; 876 0 3.2 0; 942 132.4 0 0.0; 963 2.4 0 0; 971 1.4 0 0; 977 3.0 0 0; 981 2.0 0 0; 986 5.6 0 0; 990 2.4 0 0; 995 4.8 0 0; 1002 7.2 0 0; 1005 2.4 0 0; 1013 2.4 0 0; 1019 0.6 0 0; 1060 1.6 0 0; 1200 2.8 0 0.0; 
Drone 1 1 3 0 5; -1829.9000000000003 2610.0 13.621564626693726
Tasks 1 1 3 0 5; FT; 4; 0 0; 150 0; 300 0; 450 0; 600 0; 750 0; 900 0; 1050 2; 1200 2; 
Tasks 1 1 3 0 5; BM; 2041; 0 683; 600 679; 1200 679; 
Miss 1 1 3 0 5; 1 1 3 FT; 0; 150 0; 300 0; 450 0; 600 0; 750 0; 900 0; 1050 0; 1200 0; 
Miss 1 1 3 0 5; 1 1 3 BM; 261; 600 143; 1200 118; 
Reward 1 1 3 0 5; 32 3.6 0 0; 36 4.0 0 0; 39 2.4 0 0; 42 2.4 0 0; 46 2.4 0 0; 49 0.6 0 0; 54 4.8 0 0; 59 3.6 0 0; 66 5.4 0 0; 71 2.0 0 0; 75 5.0 0 0; 80 4.2 0 0; 84 4.2 0 0; 90 4.2 0 0; 95 2.0 0 0; 98 1.0 0 0; 102 4.8 0 0; 107 2.4 0 0; 110 2.4 0 0; 115 3.6 0 0; 120 2.0 0 0; 125 5.6 0 0; 129 2.4 0 0; 136 5.4 0 0; 139 1.8 0 0; 145 4.8 0 0; 148 2.4 0 0; 155 7.2 0 0.0; 160 4.8 0 0; 165 4.8 0 0; 172 7.2 0 0; 179 5.4 0 0; 182 1.8 0 0; 187 4.8 0 0; 190 1.2 0 0; 197 7.2 0 0; 200 1.8 0 0; 206 3.6 0 0; 211 4.2 0 0; 223 3.6 0 0; 228 4.8 0 0; 234 3.6 0 0; 238 2.0 0 0; 243 5.6 0 0; 248 2.4 0 0; 253 2.4 0 0; 261 7.2 0 0; 266 2.4 0 0; 271 4.8 0 0; 276 6.0 0 0; 282 3.6 0 0; 286 1.4 0 0; 291 5.0 0 0; 296 2.0 0 0; 299 1.8 0 0; 304 3.6 0 0.0; 307 1.8 0 0; 310 2.4 0 0; 315 2.0 0 0; 318 1.0 0 0; 322 4.8 0 0; 327 2.4 0 0; 332 3.0 0 0; 337 1.4 0 0; 342 3.2 0 0; 348 4.8 0 0; 353 4.8 0 0; 358 4.8 0 0; 363 3.6 0 0; 368 2.0 0 0; 373 5.6 0 0; 376 2.4 0 0; 380 4.2 0 0; 385 1.2 0 0; 390 4.8 0 0; 397 4.8 0 0; 402 2.4 0 0; 407 2.4 0 0; 413 1.0 0 0; 418 1.8 0 0; 423 1.8 0 0; 428 5.6 0 0; 432 1.8 0 0; 437 4.8 0 0; 442 4.8 0 0; 449 5.4 0 0; 454 1.8 0 0.0; 457 4.2 0 0; 463 3.6 0 0; 468 2.0 0 0; 472 5.6 0 0; 477 2.4 0 0; 480 2.4 0 0; 487 7.2 0 0; 492 4.8 0 0; 510 5.4 0 0; 515 2.0 0 0; 519 2.2 0 0; 526 1.2 0 0; 532 3.6 0 0; 537 1.0 0 0; 540 2.7 0 0; 543 1.8 0 0; 546 1.8 0 0; 549 0.9 0 0; 554 2.4 0 0; 559 2.4 0 0; 566 0 4.8 0; 573 0 5.4 0; 580 15.6 0 0; 585 4.8 0 0; 590 2.4 0 0; 600 -1422.8 0 1430.0; 605 4.8 0 0; 610 4.8 0 0; 617 0 4.8 0; 624 0 5.4 0; 631 15.6 0 0; 634 0.6 0 0; 642 4.2 0 0; 647 2.0 0 0; 651 5.6 0 0; 657 4.8 0 0; 662 3.6 0 0; 667 2.0 0 0; 672 5.6 0 0; 676 2.4 0 0; 679 2.4 0 0; 686 7.2 0 0; 691 4.8 0 0; 696 4.8 0 0; 702 3.6 0 0; 706 2.0 0 0; 709 1.8 0 0; 712 1.6 0 0; 717 1.8 0 0; 724 5.4 0 0; 729 3.6 0 0; 735 4.8 0 0; 738 2.4 0 0; 744 3.6 0 0; 748 2.0 0 0; 753 5.6 0 0.0; 758 2.0 0 0; 761 3.2 0 0; 765 4.0 0 0; 769 3.0 0 0; 774 3.0 0 0; 781 1.8 0 0; 787 1.2 0 0; 792 1.2 0 0; 797 1.0 0 0; 800 0.8 0 0; 803 0.8 0 0; 810 1.8 0 0; 813 0.8 0 0; 817 0.6 0 0; 824 1.8 0 0; 830 1.2 0 0; 835 1.2 0 0; 840 1.0 0 0; 845 0.8 0 0; 851 1.8 0 0; 854 3.2 0 0; 859 3.6 0 0; 864 4.8 0 0; 869 4.8 0 0; 874 3.6 0 0; 879 2.0 0 0; 882 3.2 0 0; 885 2.4 0 0; 890 2.4 0 0; 897 5.4 0 0; 902 2.0 0 0.0; 906 3.8 0 0; 912 7.2 0 0; 915 2.4 0 0; 921 3.6 0 0; 926 2.0 0 0; 929 1.0 0 0; 933 2.4 0 0; 938 1.8 0 0; 941 1.8 0 0; 954 3.6 0 0; 958 2.0 0 0; 961 1.0 0 0; 966 4.8 0 0; 971 1.1 0 0; 975 1.6 0 0; 981 1.2 0 0; 986 1.2 0 0; 993 1.8 0 0; 1001 7.2 0 0; 1004 2.4 0 0; 1007 2.4 0 0; 1012 0.6 0 0; 1019 7.2 0 0; 1024 4.8 0 0; 1029 4.8 0 0; 1036 7.2 0 0; 1039 2.4 0 0; 1044 3.6 0 0; 1047 1.2 0 0; 1052 2.0 0 0.0; 1080 15.0 0 0; 1088 9.0 0 0; 1099 12.0 0 0; 1111 19.8 0 0; 1115 5.4 0 0; 1124 0.6 0 0; 1135 12.0 0 0; 1144 9.6 0 0; 1155 10.8 0 0; 1166 1.8 0 0; 1179 2.4 0 0; 1184 4.8 0 0; 1190 3.6 0 0; 1194 2.0 0 0; 1200 -1176.4 0 1180.0; 
Sum 1 1 4 0 2268.7999999999997 1220.0 1.506101369857788 0.5415039857228597 1.7053980827331543
Drone 1 1 4 0 0; 511.5999999999999 0.0 0.33240246772766113
Tasks 1 1 4 0 0; FI; 10; 0 2; 300 2; 600 2; 900 2; 1200 2; 
Tasks 1 1 4 0 0; BM; 1227; 0 421; 600 403; 1200 403; 
Miss 1 1 4 0 0; 1 1 4 FI; 0; 300 0; 600 0; 900 0; 1200 0; 
Miss 1 1 4 0 0; 1 1 4 BM; 0; 600 0; 1200 0; 
Reward 1 1 4 0 0; 30 1.6 0 0; 54 38.4 0 0; 71 38.4 0 0; 88 38.4 0 0; 100 9.6 0 0; 130 31.2 0 0; 147 21.6 0 0; 177 21.0 0 0; 184 9.0 0 0; 256 21.0 0 0; 267 7.2 0 0; 284 2.4 0 0; 309 4.2 0 0.0; 348 1.6 0 0; 393 4.8 0 0; 424 3.0 0 0; 451 4.2 0 0; 600 4.8 0 0.0; 658 1.6 0 0; 683 38.4 0 0; 700 38.4 0 0; 717 38.4 0 0; 728 9.6 0 0; 759 31.2 0 0; 776 21.0 0 0; 805 21.0 0 0; 812 9.0 0 0; 884 11.4 0 0; 895 6.0 0 0; 912 2.4 0 0.0; 932 1.6 0 0; 977 4.8 0 0; 994 4.2 0 0; 1013 3.0 0 0; 1200 7.2 0 0.0; 
Drone 1 1 4 0 1; 768.0 0.0 0.4006011486053467
Tasks 1 1 4 0 1; BM; 1890; 0 630; 600 630; 1200 630; 
Miss 1 1 4 0 1; 1 1 4 BM; 0; 600 0; 1200 0; 
Reward 1 1 4 0 1; 114 0 92.4 0; 134 0 66.6 0; 183 0 85.8 0; 206 0 29.4 0; 248 0 30.0 0; 272 0 30.0 0; 324 0 19.8 0; 347 0 6.0 0; 469 0 20.0 0; 480 0 4.0 0; 531 384.0 0 0; 650 0 85.8 0; 673 0 72.6 0; 687 0 49.2 0; 707 0 66.6 0; 711 0 6.6 0; 742 0 30.0 0; 765 0 30.0 0; 817 0 13.2 0; 841 0 6.0 0; 963 0 20.0 0; 974 0 4.0 0; 1025 384.0 0 0; 
Drone 1 1 4 0 2; -582.2 1220.0 0.7724361419677734
Tasks 1 1 4 0 2; FT; 137; 0 5; 150 6; 300 10; 450 14; 600 16; 750 18; 900 20; 1050 24; 1200 24; 
Tasks 1 1 4 0 2; BM; 1560; 0 520; 600 520; 1200 520; 
Miss 1 1 4 0 2; 1 1 4 FT; 0; 150 0; 300 0; 450 0; 600 0; 750 0; 900 0; 1050 0; 1200 0; 
Miss 1 1 4 0 2; 1 1 4 BM; 122; 600 40; 1200 82; 
Reward 1 1 4 0 2; 31 4.0 0 0; 67 38.4 0 0; 82 33.6 0 0; 89 12.6 0 0; 106 35.4 0 0; 121 27.6 0 0; 138 0 34.8 0; 149 0 18.0 0; 160 0.0 16.2 0.0; 249 73.8 0 0; 304 24.0 0 0.0; 359 6.4 0 0; 364 1.6 0 0; 430 21.0 0 0; 443 9.6 0 0; 454 0.0 6.0 0.0; 526 14.4 0 0; 563 8.4 0 0; 598 2.4 0 0; 600 -376.0 0 400.0; 669 9.6 0 0; 703 38.4 0 0; 718 33.6 0 0; 725 12.6 0 0; 743 27.0 0 0; 760 0.0 34.8 0.0; 841 45.0 0 0; 848 2.0 0 0; 901 24.0 0 0.0; 956 10.2 0 0; 964 3.6 0 0; 1022 25.8 0 0; 1033 12.0 0 0; 1066 0.0 27.0 0.0; 1157 39.0 0 0; 1164 4.0 0 0; 1169 1.2 0 0; 1197 5.4 0 0; 1200 -812.8 0 820.0; 
Drone 1 1 4 0 3; 431.2 0.0 0.11357307434082031
Tasks 1 1 4 0 3; BM; 1023; 0 341; 600 341; 1200 341; 
Miss 1 1 4 0 3; 1 1 4 BM; 0; 600 0; 1200 0; 
Reward 1 1 4 0 3; 121 0 78.0 0; 152 0 54.0 0; 173 0 30.0 0; 210 0 11.0 0; 265 0 20.0 0; 329 0 13.8 0; 349 0 4.8 0; 389 0 4.0 0; 458 215.6 0 0; 665 0 78.0 0; 696 0 54.0 0; 717 0 30.0 0; 754 0 11.0 0; 809 0 20.0 0; 874 0 13.8 0; 893 0 4.8 0; 933 0 4.0 0; 