Sum 1 1 0 -7157.399999999986 10340.0 102.56822395324707 33.919126431147255
Drone 0 -2368.2000000000003 2680.0 0.12420177459716797
Drone 1 1185.60000000001 0.0 100.33546376228333
Drone 2 -2535.5999999999995 2920.0 0.21910595893859863
Drone 3 719.0000000000043 0.0 102.56822395324707
Drone 4 -814.7999999999993 1090.0 0.07408571243286133
Drone 5 -3343.4000000000015 3650.0 0.19367742538452148
Sum 1 1 1 -27201.400000000005 29920.0 21.694402933120728 6.3171162605285645
Drone 0 -2332.4000000000005 2700.0 0.5979800224304199
Drone 1 -12629.0 13270.0 21.694402933120728
Drone 2 -2678.800000000001 3120.0 1.4069828987121582
Drone 3 -5275.6 5880.0 12.53974175453186
Drone 4 -218.40000000000023 540.0 0.4197549819946289
Drone 5 -4067.1999999999994 4410.0 1.2438349723815918
Sum 1 1 2 -3634.599999999988 7430.0 6.424695014953613 2.05502978960673
Drone 0 -1215.6 1610.0 0.4776785373687744
Drone 1 1092.4000000000094 220.0 6.424695014953613
Drone 2 -1769.1999999999991 2240.0 1.017479419708252
Drone 3 815.6000000000018 60.0 3.2901651859283447
Drone 4 -308.2000000000003 620.0 0.34484267234802246
Drone 5 -2249.6 2680.0 0.775317907333374
Sum 1 1 3 -28090.0 30670.0 90.55321669578552 21.063265601793926
Drone 0 -2360.4000000000005 2700.0 0.40244317054748535
Drone 1 -12399.0 13050.0 90.55321669578552
Drone 2 -4014.4000000000015 4360.0 0.802201509475708
Drone 3 -4317.999999999999 4990.0 33.65976285934448
Drone 4 -1150.5999999999988 1400.0 0.2172393798828125
Drone 5 -3847.599999999999 4170.0 0.7447299957275391
Sum 1 1 4 -7945.799999999989 11140.0 4.144668102264404 1.0723104079564412
Drone 0 -2295.6000000000004 2610.0 0.1720569133758545
Drone 1 1186.4000000000083 0.0 4.144668102264404
Drone 2 -3346.000000000002 3700.0 0.1661667823791504
Drone 3 737.0000000000031 0.0 1.4644250869750977
Drone 4 -1007.9999999999992 1270.0 0.1840369701385498
Drone 5 -3219.5999999999995 3560.0 0.3025085926055908
Sum 1 2 0 -7487.799999999992 10650.0 55.124457597732544 15.779264529546102
Drone 0 -2387.4000000000005 2700.0 0.13422298431396484
Drone 1 1180.400000000006 0.0 38.98528718948364
Drone 2 -2874.5999999999995 3230.0 0.177778959274292
Drone 3 719.0000000000043 0.0 55.124457597732544
Drone 4 -817.9999999999995 1090.0 0.07388496398925781
Drone 5 -3307.200000000002 3630.0 0.17995548248291016
Sum 1 2 1 -26824.4 29570.0 18.796725749969482 5.376653790473938
Drone 0 -2490.400000000001 2840.0 0.6124780178070068
Drone 1 -12509.6 13160.0 18.796725749969482
Drone 2 -2937.0000000000014 3370.0 1.2419617176055908
Drone 3 -4813.8 5460.0 10.45909070968628
Drone 4 -220.7999999999998 540.0 0.27644848823547363
Drone 5 -3852.7999999999997 4200.0 0.8732180595397949
Sum 1 2 2 -3235.999999999989 7060.0 14520.341745376587 2421.102024793625
Drone 0 -973.6 1380.0 0.41989922523498535
Drone 1 1324.2000000000064 0.0 14520.341745376587
Drone 2 -1904.7999999999984 2360.0 0.8496565818786621
Drone 3 736.6000000000021 160.0 3.927574634552002
Drone 4 -220.80000000000024 540.0 0.23648381233215332
Drone 5 -2197.599999999999 2620.0 0.8367891311645508
Sum 1 2 3 -28674.6 31260.0 33.684072732925415 8.723762472470602
Drone 0 -2187.0 2550.0 0.398134708404541
Drone 1 -12481.000000000002 13130.0 33.684072732925415
Drone 2 -3990.6 4340.0 0.6552205085754395
Drone 3 -4567.8 5230.0 16.925758123397827
Drone 4 -1162.199999999999 1410.0 0.1977376937866211
Drone 5 -4286.0 4600.0 0.48165106773376465
Sum 1 2 4 -8221.199999999988 11410.0 2.704718589782715 0.7797133922576904
Drone 0 -2416.0 2720.0 0.2038102149963379
Drone 1 1180.600000000009 0.0 2.704718589782715
Drone 2 -3278.3999999999996 3630.0 0.2991757392883301
Drone 3 763.4000000000016 0.0 0.9767043590545654
Drone 4 -1007.9999999999992 1270.0 0.19691109657287598
Drone 5 -3462.7999999999997 3790.0 0.29696035385131836
Sum 1 3 0 -7872.999999999993 10980.0 23.367874145507812 5.752122759819031
Drone 0 -2088.4000000000005 2390.0 0.12025976181030273
Drone 1 1180.400000000006 0.0 23.367874145507812
Drone 2 -3370.8 3710.0 0.20687246322631836
Drone 3 719.0000000000006 0.0 10.56695556640625
Drone 4 -1108.199999999999 1360.0 0.09061837196350098
Drone 5 -3205.0000000000005 3520.0 0.16015625
Sum 1 3 1 -29802.200000000004 32300.0 18.294697761535645 4.970287799835205
Drone 0 -4530.200000000001 4720.0 0.773247480392456
Drone 1 -12509.6 13160.0 18.294697761535645
Drone 2 -3109.600000000001 3520.0 1.1258771419525146
Drone 3 -5572.0 6150.0 8.291152954101562
Drone 4 -306.6000000000002 620.0 0.35022783279418945
Drone 5 -3774.2 4130.0 0.9865236282348633
Sum 1 3 2 -4409.599999999992 8140.0 5.384811878204346 1.5961066881815593
Drone 0 -956.5999999999998 1340.0 0.5311582088470459
Drone 1 1229.0000000000039 110.0 5.384811878204346
Drone 2 -2214.6000000000004 2660.0 0.9717590808868408
Drone 3 526.8000000000035 330.0 1.9275641441345215
Drone 4 -535.8 830.0 0.2023160457611084
Drone 5 -2458.399999999999 2870.0 0.5590307712554932
Sum 1 3 3 -30452.0 32870.0 28.351354122161865 6.692578872044881
Drone 0 -2601.0 2910.0 0.35064005851745605
Drone 1 -12480.600000000002 13130.0 28.351354122161865
Drone 2 -4448.6 4760.0 0.6420474052429199
Drone 3 -4697.799999999999 5340.0 10.32542872428894
Drone 4 -1887.6000000000001 2080.0 0.09720540046691895
Drone 5 -4336.4 4650.0 0.3887975215911865
Sum 1 3 4 -8777.99999999999 11960.0 1.8521289825439453 0.5752984682718912
Drone 0 -2279.0 2580.0 0.18316292762756348
Drone 1 1182.8000000000086 0.0 1.8521289825439453
Drone 2 -3533.2000000000025 3870.0 0.2567403316497803
Drone 3 771.4000000000012 30.0 0.7924458980560303
Drone 4 -1411.5999999999985 1640.0 0.16020941734313965
Drone 5 -3508.399999999999 3840.0 0.20710325241088867
Sum 2 1 0 -7145.999999999988 10330.0 106.73032402992249 34.912588477134705
Drone 0 -2024.2000000000003 2280.0 0.12238121032714844
Drone 1 1185.60000000001 0.0 106.73032402992249
Drone 2 -3049.0 3480.0 0.19114255905151367
Drone 3 719.0000000000043 0.0 102.18859648704529
Drone 4 -578.3999999999997 840.0 0.07064104080200195
Drone 5 -3399.0000000000027 3730.0 0.17244553565979004
Sum 2 1 1 -28745.600000000006 31350.0 18.999075174331665 4.885440945625305
Drone 0 -1918.8000000000004 2240.0 0.3004415035247803
Drone 1 -12629.0 13270.0 18.999075174331665
Drone 2 -4097.800000000001 4520.0 1.0567033290863037
Drone 3 -5275.6 5880.0 8.112783432006836
Drone 4 -491.19999999999976 760.0 0.2412397861480713
Drone 5 -4333.200000000001 4680.0 0.6024024486541748
Sum 2 1 2 -4029.7999999999865 7800.0 6.162333011627197 1.9373669226964314
Drone 0 -999.6 1350.0 0.37216806411743164
Drone 1 1092.4000000000094 220.0 6.162333011627197
Drone 2 -2369.7999999999984 2880.0 1.1183207035064697
Drone 3 815.6000000000018 60.0 2.9814553260803223
Drone 4 -438.3999999999999 710.0 0.2725348472595215
Drone 5 -2129.999999999999 2580.0 0.7173895835876465
Sum 2 1 3 -28882.800000000003 31420.0 78.01383137702942 17.779879252115887
Drone 0 -2109.0000000000005 2400.0 0.34386372566223145
Drone 1 -12399.0 13050.0 78.01383137702942
Drone 2 -5017.000000000003 5370.0 0.4649658203125
Drone 3 -4317.999999999999 4990.0 26.775813102722168
Drone 4 -934.1999999999987 1170.0 0.16643738746643066
Drone 5 -4105.6 4440.0 0.9143640995025635
Sum 2 1 4 -8389.199999999986 11550.0 3.9977214336395264 1.0623960494995117
Drone 0 -1945.3999999999999 2210.0 0.10469651222229004
Drone 1 1186.4000000000083 0.0 3.9977214336395264
Drone 2 -4395.799999999999 4760.0 0.3270697593688965
Drone 3 737.0000000000031 0.0 1.4800078868865967
Drone 4 -805.5999999999992 1050.0 0.1280994415283203
Drone 5 -3165.7999999999993 3530.0 0.33678126335144043
Sum 2 2 0 -7544.399999999995 10720.0 60.45973467826843 15.836162010828653
Drone 0 -2169.6000000000004 2410.0 0.11429286003112793
Drone 1 1180.400000000006 0.0 33.857298851013184
Drone 2 -3292.200000000004 3730.0 0.22420525550842285
Drone 3 719.0000000000043 0.0 60.45973467826843
Drone 4 -578.3999999999999 840.0 0.1136786937713623
Drone 5 -3403.600000000002 3740.0 0.24776172637939453
Sum 2 2 1 -26980.800000000003 29720.0 16.495938301086426 4.536956111590068
Drone 0 -1686.8 2030.0 0.410524845123291
Drone 1 -12509.6 13160.0 16.495938301086426
Drone 2 -3005.000000000003 3500.0 0.8534202575683594
Drone 3 -4813.8 5460.0 8.31045126914978
Drone 4 -490.3999999999998 760.0 0.27393507957458496
Drone 5 -4475.200000000001 4810.0 0.8774669170379639
Sum 2 2 2 -3943.79999999999 7720.0 4.45697283744812 1.4473118782043457
Drone 0 -1147.3999999999996 1480.0 0.2860453128814697
Drone 1 1324.2000000000064 0.0 4.45697283744812
Drone 2 -1974.5999999999976 2500.0 0.9188671112060547
Drone 3 736.6000000000021 160.0 2.4507532119750977
Drone 4 -374.0 650.0 0.1730351448059082
Drone 5 -2508.6000000000013 2930.0 0.39819765090942383
Sum 2 2 3 -28780.200000000008 31310.0 28.895840883255005 7.616868654886882
Drone 0 -1858.6 2180.0 0.32709360122680664
Drone 1 -12481.000000000002 13130.0 28.895840883255005
Drone 2 -4796.800000000005 5120.0 0.4381835460662842
Drone 3 -4567.8 5230.0 15.398435831069946
Drone 4 -859.3999999999992 1100.0 0.14178013801574707
Drone 5 -4216.600000000001 4550.0 0.4998779296875
Sum 2 2 4 -8956.599999999988 12100.0 1.892806053161621 0.5760451157887777
Drone 0 -1968.0 2230.0 0.1790924072265625
Drone 1 1180.600000000009 0.0 1.892806053161621
Drone 2 -4901.599999999999 5220.0 0.1788182258605957
Drone 3 763.4000000000016 0.0 0.6538281440734863
Drone 4 -805.5999999999992 1050.0 0.12965750694274902
Drone 5 -3225.3999999999996 3600.0 0.42206835746765137
Sum 2 3 0 -9005.799999999996 12050.0 23.83114194869995 5.572086612383525
Drone 0 -1808.4 2050.0 0.09766268730163574
Drone 1 1180.400000000006 0.0 23.83114194869995
Drone 2 -4240.600000000002 4600.0 0.20243358612060547
Drone 3 719.0000000000006 0.0 9.091584920883179
Drone 4 -730.5999999999995 980.0 0.05957388877868652
Drone 5 -4125.6 4420.0 0.15012264251708984
Sum 2 3 1 -29538.0 32060.0 13.486998081207275 3.9529077212015786
Drone 0 -3530.2 3720.0 0.3419795036315918
Drone 1 -12509.6 13160.0 13.486998081207275
Drone 2 -3240.2000000000016 3720.0 1.6017215251922607
Drone 3 -5572.0 6150.0 6.993281602859497
Drone 4 -598.5999999999999 860.0 0.2986917495727539
Drone 5 -4087.3999999999996 4450.0 0.9947738647460938
Sum 2 3 2 -4408.399999999989 8130.0 4.990376710891724 1.5197147925694783
Drone 0 -1022.5999999999999 1330.0 0.38740015029907227
Drone 1 1229.0000000000039 110.0 4.990376710891724
Drone 2 -2618.199999999999 3120.0 0.9735920429229736
Drone 3 526.8000000000035 330.0 2.143311023712158
Drone 4 -556.5999999999999 820.0 0.16313934326171875
Drone 5 -1966.799999999998 2420.0 0.46046948432922363
Sum 2 3 3 -30797.600000000002 33210.0 24.074718952178955 6.012622753779094
Drone 0 -2048.6 2330.0 0.24220752716064453
Drone 1 -12480.600000000002 13130.0 24.074718952178955
Drone 2 -5478.000000000002 5800.0 0.4661085605621338
Drone 3 -4697.799999999999 5340.0 10.735361099243164
Drone 4 -1574.0 1760.0 0.07022643089294434
Drone 5 -4518.599999999999 4850.0 0.48711395263671875
Sum 2 3 4 -9190.59999999999 12340.0 1.725846290588379 0.5773792266845703
Drone 0 -1621.3999999999999 1890.0 0.09702825546264648
Drone 1 1182.8000000000086 0.0 1.725846290588379
Drone 2 -5078.800000000003 5390.0 0.22691583633422852
Drone 3 771.4000000000012 30.0 1.0106799602508545
Drone 4 -1117.9999999999986 1340.0 0.12970757484436035
Drone 5 -3326.599999999999 3690.0 0.2740974426269531
Sum 3 1 0 -4930.399999999986 8250.0 181.07769966125488 37.53993638356527
Drone 0 -3641.8 4080.0 0.16353511810302734
Drone 1 773.6000000000037 0.0 43.502074241638184
Drone 2 -344.80000000000047 760.0 0.2260134220123291
Drone 3 1131.0000000000111 0.0 181.07769966125488
Drone 4 -1197.3999999999994 1390.0 0.060431718826293945
Drone 5 -1651.0 2020.0 0.20986413955688477
Sum 3 1 1 -24409.400000000005 27330.0 17.35737633705139 4.717898050944011
Drone 0 -2691.6000000000004 3210.0 0.5884702205657959
Drone 1 -6438.6 7020.0 8.542395830154419
Drone 2 -1489.5999999999997 1910.0 0.9563491344451904
Drone 3 -10172.0 10950.0 17.35737633705139
Drone 4 -484.2000000000004 740.0 0.226118803024292
Drone 5 -3133.4000000000005 3500.0 0.6366779804229736
Sum 3 1 2 -2468.7999999999847 6420.0 3.558211326599121 1.2319471836090088
Drone 0 -2556.000000000001 3070.0 0.33525776863098145
Drone 1 888.6000000000022 90.0 2.69510817527771
Drone 2 -472.00000000000006 920.0 0.3102834224700928
Drone 3 1172.200000000013 120.0 3.558211326599121
Drone 4 -160.20000000000005 440.0 0.18089938163757324
Drone 5 -1341.3999999999987 1780.0 0.3119230270385742
Sum 3 1 3 -27363.8 30020.0 43.237136363983154 10.692758440971375
Drone 0 -4003.2000000000003 4430.0 0.30286431312561035
Drone 1 -6408.0 6990.0 19.764394760131836
Drone 2 -1420.4 1820.0 0.3594474792480469
Drone 3 -10724.0 11450.0 43.237136363983154
Drone 4 -1497.0 1680.0 0.07852029800415039
Drone 5 -3311.2 3650.0 0.4141874313354492
Sum 3 1 4 -5780.999999999988 9200.0 483.6976070404053 80.93926266829173
Drone 0 -3568.2000000000007 4010.0 0.21891140937805176
Drone 1 799.9999999999998 0.0 1.185321569442749
Drone 2 -597.3999999999999 1030.0 0.13840317726135254
Drone 3 1174.6000000000126 0.0 483.6976070404053
Drone 4 -1435.9999999999995 1620.0 0.08926749229431152
Drone 5 -2154.000000000001 2540.0 0.30606532096862793
Sum 3 2 0 -5151.599999999984 8430.0 3880.2020421028137 651.6338911056519
Drone 0 -3977.6 4370.0 0.09595680236816406
Drone 1 773.6000000000032 0.0 3880.2020421028137
Drone 2 -292.0000000000002 710.0 0.24106860160827637
Drone 3 1127.0000000000132 0.0 29.107373476028442
Drone 4 -756.1999999999998 980.0 0.03258681297302246
Drone 5 -2026.3999999999999 2370.0 0.12431883811950684
Sum 3 2 1 -23696.6 26710.0 13.73167610168457 3.6973984638849893
Drone 0 -3143.2000000000003 3640.0 0.593613862991333
Drone 1 -5933.2 6560.0 6.527071237564087
Drone 2 -1725.7999999999995 2130.0 0.479203462600708
Drone 3 -9695.4 10520.0 13.73167610168457
Drone 4 -286.19999999999993 560.0 0.23704290390014648
Drone 5 -2912.7999999999997 3300.0 0.6157832145690918
Sum 3 2 2 -2779.7999999999847 6710.0 3.5083630084991455 1.1008830865224202
Drone 0 -2556.000000000001 3070.0 0.3231511116027832
Drone 1 928.2000000000016 30.0 1.9794518947601318
Drone 2 -465.20000000000056 910.0 0.3277111053466797
Drone 3 949.400000000014 350.0 3.5083630084991455
Drone 4 -225.60000000000014 500.0 0.15892910957336426
Drone 5 -1410.5999999999985 1850.0 0.307692289352417
Sum 3 2 3 -25680.8 28430.0 21.375651359558105 5.361955364545186
Drone 0 -3780.6 4230.0 0.2899510860443115
Drone 1 -5766.999999999995 6400.0 9.743067264556885
Drone 2 -1369.199999999999 1750.0 0.2927720546722412
Drone 3 -10527.0 11270.0 21.375651359558105
Drone 4 -1395.3999999999999 1580.0 0.0886528491973877
Drone 5 -2841.6000000000017 3200.0 0.3816375732421875
Sum 3 2 4 -6387.5999999999885 9740.0 1.3088817596435547 0.4018005132675171
Drone 0 -3568.2000000000007 4010.0 0.21837449073791504
Drone 1 778.3999999999994 0.0 0.5383262634277344
Drone 2 -1315.8000000000002 1690.0 0.12845230102539062
Drone 3 1165.6000000000126 0.0 1.3088817596435547
Drone 4 -1265.1999999999994 1460.0 0.055475473403930664
Drone 5 -2182.4000000000005 2580.0 0.16129279136657715
Sum 3 3 0 -6139.399999999988 9450.0 24.49759340286255 5.220498283704122
Drone 0 -3936.2000000000003 4330.0 0.08716297149658203
Drone 1 777.2000000000004 0.0 6.563180923461914
Drone 2 -1057.9999999999995 1450.0 0.05509233474731445
Drone 3 1127.0000000000132 0.0 24.49759340286255
Drone 4 -614.4000000000001 850.0 0.03235435485839844
Drone 5 -2435.000000000001 2820.0 0.08760571479797363
Sum 3 3 1 -21571.800000000003 24760.0 11.630743265151978 3.405553181966146
Drone 0 -2797.600000000001 3310.0 0.7272050380706787
Drone 1 -5361.0 6040.0 6.506289958953857
Drone 2 -1042.9999999999998 1510.0 0.7697765827178955
Drone 3 -9827.4 10640.0 11.630743265151978
Drone 4 -6.1999999999999975 300.0 0.25081729888916016
Drone 5 -2536.6000000000004 2960.0 0.5484869480133057
Sum 3 3 2 -3112.3999999999864 7040.0 3.1037676334381104 1.0182353655497234
Drone 0 -2330.6000000000004 2860.0 0.4809746742248535
Drone 1 864.7999999999997 70.0 1.5542988777160645
Drone 2 -827.9999999999994 1260.0 0.36867737770080566
Drone 3 695.200000000013 610.0 3.1037676334381104
Drone 4 -74.00000000000003 360.0 0.2388017177581787
Drone 5 -1439.7999999999993 1880.0 0.36289191246032715
Sum 3 3 3 -29299.800000000003 31850.0 17.950228691101074 4.554187774658203
Drone 0 -4822.0 5180.0 0.23623323440551758
Drone 1 -6050.2 6660.0 8.343350887298584
Drone 2 -2428.2000000000003 2770.0 0.2541224956512451
Drone 3 -10417.0 11170.0 17.950228691101074
Drone 4 -1795.0 1950.0 0.0736396312713623
Drone 5 -3787.3999999999996 4120.0 0.46755170822143555
Sum 3 3 4 -7165.399999999987 10420.0 1.0839269161224365 0.3604367971420288
Drone 0 -3176.600000000001 3640.0 0.24409914016723633
Drone 1 781.0000000000001 0.0 0.49086642265319824
Drone 2 -1798.0 2140.0 0.13411927223205566
Drone 3 1136.6000000000124 0.0 1.0839269161224365
Drone 4 -1755.599999999999 1910.0 0.06122231483459473
Drone 5 -2352.7999999999993 2730.0 0.14838671684265137
