TaskGen 4.387694597244263
Sum 2 1 4 1 -6596.599999999998 9400.0 0.7196345329284668 0.29436711470286053 1.8470981121063232
Drone 2 1 4 1 0; -3574.199999999999 3840.0 0.12790751457214355
Tasks 2 1 4 1 0; FT; 371; 0 25; 150 30; 300 33; 450 37; 600 39; 750 42; 900 55; 1050 55; 1200 55; 
Tasks 2 1 4 1 0; FI; 500; 0 100; 300 100; 600 100; 900 100; 1200 100; 
Miss 2 1 4 1 0; 2 1 4 FT; 14; 150 4; 300 1; 450 0; 600 2; 750 1; 900 2; 1050 1; 1200 3; 
Miss 2 1 4 1 0; 2 1 4 FI; 370; 300 96; 600 92; 900 92; 1200 90; 
Reward 2 1 4 1 0; 81 4.8 0 0; 93 4.0 0 0; 117 3.2 0 0; 126 2.4 0 0; 133 1.6 0 0; 140 0.8 0 0; 158 -36.8 0 40.0; 173 3.2 0 0; 186 3.2 0 0; 197 2.4 0 0; 213 4.8 0 0; 224 4.8 0 0; 237 3.2 0 0; 252 1.0 0 0; 283 1.2 0 0; 301 -968.0 0 970.0; 312 3.2 0 0; 344 6.6 0 0; 354 3.6 0 0; 365 2.0 0 0; 378 3.2 0 0; 406 2.4 0 0; 417 2.4 0 0; 437 1.0 0 0; 449 3.2 0 0; 456 3.2 0 0.0; 471 3.2 0 0; 484 3.2 0 0; 508 6.4 0 0; 518 6.4 0 0; 531 3.2 0 0; 552 2.4 0 0; 564 1.4 0 0; 579 1.2 0 0; 590 1.2 0 0; 602 -938.0 0 940.0; 610 5.6 0 0; 621 6.4 0 0; 633 3.0 0 0; 649 3.2 0 0; 658 2.4 0 0; 665 1.6 0 0; 672 0.8 0 0; 718 4.0 0 0; 732 1.2 0 0; 745 3.2 0 0; 752 -6.8 0 10.0; 764 6.4 0 0; 774 6.4 0 0; 787 3.6 0 0; 803 3.2 0 0; 816 4.0 0 0; 823 1.6 0 0; 868 4.0 0 0; 883 1.2 0 0; 894 1.2 0 0; 900 -938.0 0 940.0; 908 5.6 0 0; 919 6.4 0 0; 931 4.8 0 0; 947 6.4 0 0; 956 4.8 0 0; 963 3.2 0 0; 970 1.6 0 0; 1015 4.8 0 0; 1030 1.2 0 0; 1041 3.2 0 0; 1048 2.0 0 0; 1065 -6.8 0 10.0; 1077 6.4 0 0; 1088 6.4 0 0; 1100 4.8 0 0; 1116 6.4 0 0; 1125 4.8 0 0; 1132 3.2 0 0; 1139 1.6 0 0; 1184 4.8 0 0; 1202 -925.2 0 930.0; 
Drone 2 1 4 1 1; 834.9999999999999 0.0 0.5224032402038574
Tasks 2 1 4 1 1; BM; 1983; 0 669; 600 657; 1200 657; 
Miss 2 1 4 1 1; 2 1 4 BM; 0; 600 0; 1200 0; 
Reward 2 1 4 1 1; 33 92.4 0 0; 62 101.4 0 0; 91 0 100.2 0; 143 175.8 0 0; 180 0 13.2 0; 203 0 10.2 0; 229 0 8.0 0; 277 37.2 0 0; 334 0 4.8 0; 345 0 1.2 0; 383 6.0 0 0; 629 75.6 0 0; 662 101.4 0 0; 691 0 99.6 0; 746 192.0 0 0; 790 0 12.0 0; 813 0 9.0 0; 839 0 8.0 0; 887 34.8 0 0; 1202 18.4 0 0.0; 
Drone 2 1 4 1 2; -2726.3999999999996 2920.0 0.05671048164367676
Tasks 2 1 4 1 2; FT; 124; 0 7; 150 7; 300 9; 450 11; 600 16; 750 17; 900 19; 1050 19; 1200 19; 
Tasks 2 1 4 1 2; FI; 530; 0 106; 300 106; 600 106; 900 106; 1200 106; 
Miss 2 1 4 1 2; 2 1 4 FT; 0; 150 0; 300 0; 450 0; 600 0; 750 0; 900 0; 1050 0; 1200 0; 
Miss 2 1 4 1 2; 2 1 4 FI; 292; 300 72; 600 66; 900 80; 1200 74; 
Reward 2 1 4 1 2; 58 1.8 0 0; 76 0 5.6 0; 83 0 1.6 0; 103 0 1.0 0; 117 0 3.2 0; 124 0 1.6 0; 149 8.2 0 0; 159 1.0 0 0; 170 1.6 0 0; 189 0 1.6 0; 196 0 0.8 0; 216 0 1.0 0; 241 3.4 0 0; 247 0 3.2 0; 254 6.4 0 0; 261 0 3.2 0; 268 0 3.2 0; 275 0 3.2 0; 282 0 3.2 0; 289 0 3.2 0; 296 16.0 0 0; 302 -720.0 0 720.0; 326 3.2 0 0; 333 0.6 0 0; 351 0 1.6 0; 359 0 0.8 0; 378 0 1.0 0; 393 0 3.2 0; 400 0 1.6 0; 408 0 1.6 0; 428 0 3.2 0; 445 16.2 0 0; 452 3.2 0 0.0; 462 3.2 0 0; 481 0 2.4 0; 489 0 1.6 0; 504 5.0 0 0; 530 0 1.0 0; 555 1.0 0 0; 560 0 3.2 0; 567 6.4 0 0; 574 0 3.2 0; 581 0 3.2 0; 588 0 3.2 0; 596 9.6 0 0; 602 -660.0 0 660.0; 630 0 4.8 0; 638 0 1.6 0; 659 9.6 0 0; 672 0 1.6 0; 689 0 1.0 0; 700 0 1.0 0; 714 0 3.2 0; 721 0 1.6 0; 747 8.4 0 0; 762 0 4.8 0; 769 0 1.6 0; 782 0 2.4 0; 795 12.0 0 0; 826 0 1.2 0; 848 1.2 0 0; 860 3.2 0 0; 867 3.2 0 0; 874 3.2 0 0; 881 3.2 0 0; 886 1.6 0 0; 893 1.6 0 0; 902 -796.8 0 800.0; 911 3.2 0 0; 930 0 5.6 0; 938 0 1.6 0; 951 0 2.4 0; 966 0 1.4 0; 996 0 1.2 0; 1015 0 3.2 0; 1022 0 3.2 0; 1029 21.8 0 0; 1036 0 3.2 0; 1043 0 3.2 0; 1050 0.0 3.2 0.0; 1079 0 5.6 0; 1087 0 1.6 0; 1100 0 2.4 0; 1113 22.4 0 0; 1131 0 1.4 0; 1160 0 1.2 0; 1183 2.6 0 0; 1194 3.2 0 0; 1200 -736.8 0 740.0; 
Drone 2 1 4 1 3; 764.2 0.0 0.7196345329284668
Tasks 2 1 4 1 3; BM; 1857; 0 647; 600 605; 1200 605; 
Miss 2 1 4 1 3; 2 1 4 BM; 0; 600 0; 1200 0; 
Reward 2 1 4 1 3; 100 101.4 0 0; 129 0 93.6 0; 156 0 76.8 0; 215 228.0 0 0; 242 30.6 0 0; 276 8.0 0 0; 289 5.8 0 0; 315 6.6 0 0; 354 7.8 0 0; 377 2.2 0 0; 448 0 7.2 0; 519 9.4 0 0; 600 1.6 0 0.0; 648 101.4 0 0; 677 0 93.6 0; 704 0 74.4 0; 762 211.2 0 0; 789 26.4 0 0; 822 6.6 0 0; 861 7.8 0 0; 885 2.2 0 0; 956 0 7.2 0; 979 7.2 0 0; 
Drone 2 1 4 1 4; -2459.7999999999993 2640.0 0.04291367530822754
Tasks 2 1 4 1 4; FT; 239; 0 17; 150 17; 300 23; 450 25; 600 28; 750 28; 900 31; 1050 35; 1200 35; 
Tasks 2 1 4 1 4; FI; 345; 0 69; 300 69; 600 69; 900 69; 1200 69; 
Miss 2 1 4 1 4; 2 1 4 FT; 14; 150 4; 300 0; 450 1; 600 2; 750 1; 900 2; 1050 1; 1200 3; 
Miss 2 1 4 1 4; 2 1 4 FI; 250; 300 65; 600 59; 900 61; 1200 65; 
Reward 2 1 4 1 4; 95 3.2 0 0; 115 3.2 0 0; 129 2.4 0 0; 144 1.6 0 0; 158 -36.8 0 40.0; 167 2.0 0 0; 185 2.4 0 0; 199 3.2 0 0; 219 3.2 0 0; 231 1.0 0 0; 267 2.0 0 0; 290 1.0 0 0; 302 -648.0 0 650.0; 337 4.8 0 0; 358 3.2 0 0; 375 3.6 0 0; 386 1.6 0 0; 419 2.0 0 0; 430 1.6 0 0; 439 1.6 0 0; 446 1.6 0 0; 459 -6.8 0 10.0; 467 4.0 0 0; 472 2.0 0 0; 492 3.2 0 0; 510 3.6 0 0; 521 1.6 0 0; 542 2.0 0 0; 565 2.0 0 0; 595 0.8 0 0; 601 -603.6 0 610.0; 613 2.0 0 0; 626 3.2 0 0; 643 3.6 0 0; 654 1.6 0 0; 676 2.0 0 0; 699 2.0 0 0; 736 1.0 0 0; 748 3.2 0 0; 755 -6.8 0 10.0; 772 6.4 0 0; 784 2.0 0 0; 797 3.2 0 0; 815 3.6 0 0; 826 1.6 0 0; 847 2.0 0 0; 870 2.0 0 0; 900 -628.0 0 630.0; 930 6.4 0 0; 942 2.0 0 0; 955 3.2 0 0; 968 4.0 0 0; 978 2.4 0 0; 987 1.6 0 0; 1009 2.4 0 0; 1044 1.2 0 0; 1054 -6.8 0 10.0; 1061 3.0 0 0; 1069 3.0 0 0; 1077 3.2 0 0; 1106 6.4 0 0; 1111 1.6 0 0; 1123 2.0 0 0; 1135 3.2 0 0; 1142 0.8 0 0; 1170 2.0 0 0; 1190 2.4 0 0; 1202 -677.6 0 680.0; 
Drone 2 1 4 1 5; 564.6000000000001 0.0 0.296633243560791
Tasks 2 1 4 1 5; BM; 1340; 0 450; 600 445; 1200 445; 
Miss 2 1 4 1 5; 2 1 4 BM; 0; 600 0; 1200 0; 
Reward 2 1 4 1 5; 71 0 101.4 0; 94 0 78.0 0; 107 0 23.4 0; 120 0 13.8 0; 182 255.6 0 0; 205 11.0 0 0; 231 0 11.0 0; 244 0 6.2 0; 258 17.2 0 0; 604 0 20.0 0; 627 0 90.6 0; 650 0 77.4 0; 663 0 23.4 0; 677 0 13.2 0; 739 263.6 0 0; 762 11.0 0 0; 793 0 6.2 0; 807 6.2 0 0; 
