Sum 2 1 2 -2519.5999999999985 6410.0 2.5963118076324463 0.7340508302052816
Drone 2 1 2 0; -999.5999999999999 1350.0 0.15154218673706055
Tasks 2 1 2 0; FI; 150; 0 30; 300 30; 600 30; 900 30; 1200 30; 
Tasks 2 1 2 0; FT; 513; 0 40; 150 43; 300 53; 450 54; 600 57; 750 58; 900 68; 1050 70; 1200 70; 
Miss 2 1 2 0; 2 1 2 FT; 121; 150 21; 300 20; 450 26; 600 8; 750 7; 900 11; 1050 16; 1200 12; 
Miss 2 1 2 0; 2 1 2 FI; 14; 300 0; 600 2; 900 0; 1200 12; 
Reward 2 1 2 0; 
Drone 2 1 2 1; 1103.6 320.0 2.5963118076324463
Tasks 2 1 2 1; BM; 3173; 0 1091; 600 1041; 1200 1041; 
Miss 2 1 2 1; 2 1 2 BM; 32; 600 18; 1200 14; 
Reward 2 1 2 1; 
Drone 2 1 2 2; -1987.3999999999987 2510.0 0.33420705795288086
Tasks 2 1 2 2; FT; 395; 0 22; 150 26; 300 35; 450 43; 600 51; 750 52; 900 54; 1050 56; 1200 56; 
Tasks 2 1 2 2; FI; 700; 0 140; 300 140; 600 140; 900 140; 1200 140; 
Miss 2 1 2 2; 2 1 2 FT; 117; 150 2; 300 1; 450 35; 600 5; 750 6; 900 35; 1050 3; 1200 30; 
Miss 2 1 2 2; 2 1 2 FI; 134; 300 56; 600 25; 900 26; 1200 27; 
Reward 2 1 2 2; 
Drone 2 1 2 3; 763.9999999999995 0.0 0.963951587677002
Tasks 2 1 2 3; BM; 1497; 0 553; 600 472; 1200 472; 
Miss 2 1 2 3; 2 1 2 BM; 0; 600 0; 1200 0; 
Reward 2 1 2 3; 
Drone 2 1 2 4; -723.1999999999996 1080.0 0.11683416366577148
Tasks 2 1 2 4; FT; 16; 0 1; 150 1; 300 2; 450 2; 600 2; 750 2; 900 2; 1050 2; 1200 2; 
Tasks 2 1 2 4; FI; 670; 0 134; 300 134; 600 134; 900 134; 1200 134; 
Miss 2 1 2 4; 2 1 2 FT; 14; 150 1; 300 1; 450 2; 600 2; 750 2; 900 2; 1050 2; 1200 2; 
Miss 2 1 2 4; 2 1 2 FI; 94; 300 33; 600 21; 900 19; 1200 21; 
Reward 2 1 2 4; 
Drone 2 1 2 5; -676.9999999999995 1150.0 0.24145817756652832
Tasks 2 1 2 5; FT; 633; 0 29; 150 37; 300 57; 450 64; 600 73; 750 82; 900 91; 1050 100; 1200 100; 
Tasks 2 1 2 5; FI; 230; 0 46; 300 46; 600 46; 900 46; 1200 46; 
Miss 2 1 2 5; 2 1 2 FT; 80; 150 19; 300 3; 450 8; 600 5; 750 13; 900 11; 1050 11; 1200 10; 
Miss 2 1 2 5; 2 1 2 FI; 35; 300 6; 600 13; 900 9; 1200 7; 
Reward 2 1 2 5; 
