TaskGen 2.2531211376190186
Sum 4 1 0 0 2588.700000000001 0.0 5.406301736831665 2.2260908683141074 0.08213424682617188
Drone 4 1 0 0 0; 512.1500000000004 0.0 2.6496005058288574
Tasks 4 1 0 0 0; FT; 23; 0 0; 150 0; 300 0; 450 0; 600 4; 750 4; 900 5; 1050 5; 1200 5; 
Tasks 4 1 0 0 0; BM; 872; 0 294; 600 289; 1200 289; 
Miss 4 1 0 0 0; 4 1 0 FT; 0; 150 0; 300 0; 450 0; 600 0; 750 0; 900 0; 1050 0; 1200 0; 
Miss 4 1 0 0 0; 4 1 0 BM; 0; 600 0; 1200 0; 
Reward 4 1 0 0 0; 29 38.4 0 0; 40 24.0 0 0; 51 24.0 0 0; 62 24.0 0 0; 71 9.6 0 0; 88 10.2 0 0; 97 16.8 0 0; 108 21.0 0 0; 123 8.4 0 0; 140 1.8 0 0; 147 1.8 0 0; 154 1.8 0 0.0; 161 1.8 0 0; 168 1.8 0 0; 175 1.8 0 0; 182 1.8 0 0; 189 1.8 0 0; 196 1.8 0 0; 203 1.8 0 0; 210 1.8 0 0; 217 1.8 0 0; 224 1.8 0 0; 231 1.8 0 0; 238 1.8 0 0; 245 1.8 0 0; 252 1.8 0 0; 259 1.8 0 0; 265 1.0 0 0; 272 1.2 0 0; 275 0.6 0 0; 280 0.8 0 0; 285 0.8 0 0; 290 0.8 0 0; 315 1.8 0 0.0; 322 1.8 0 0; 329 1.8 0 0; 336 1.8 0 0; 343 1.8 0 0; 350 1.8 0 0; 357 1.8 0 0; 372 1.8 0 0; 379 1.8 0 0; 386 1.8 0 0; 393 1.8 0 0; 397 0.8 0 0; 402 0.8 0 0; 407 0.8 0 0; 412 0.6 0 0; 417 0.6 0 0; 422 0.4 0 0; 427 0.4 0 0; 432 0.4 0 0; 437 0.4 0 0; 442 0.4 0 0; 449 0.6 0 0; 454 0.8 0 0.0; 459 0.8 0 0; 466 0.8 0 0; 471 0.4 0 0; 476 0.4 0 0; 481 0.4 0 0; 486 0.4 0 0; 491 0.4 0 0; 496 0.4 0 0; 501 0.4 0 0; 506 0.4 0 0; 511 0.4 0 0; 516 0.4 0 0; 521 0.4 0 0; 526 0.4 0 0; 531 0.4 0 0; 536 0.4 0 0; 541 0.4 0 0; 546 0.4 0 0; 551 0.4 0 0; 556 0.4 0 0; 600 5.2 0 0.0; 607 3.4 0 0; 621 10.2 0 0; 636 29.4 0 0; 643 14.4 0 0; 654 24.0 0 0; 665 24.0 0 0; 674 9.6 0 0; 691 10.2 0 0; 700 4.2 0 0; 727 24.0 0 0; 738 19.2 0 0; 752 3.2 0 0.0; 757 0.7 0 0; 763 0.4 0 0; 768 0.15 0 0; 772 1.5 0 0; 779 1.8 0 0; 786 1.8 0 0; 793 1.8 0 0; 800 1.8 0 0; 807 1.8 0 0; 814 1.8 0 0; 821 1.8 0 0; 828 1.8 0 0; 835 1.8 0 0; 842 1.8 0 0; 849 1.8 0 0; 856 1.8 0 0; 863 1.8 0 0; 870 1.8 0 0; 877 1.8 0 0; 884 1.8 0 0; 887 0.6 0 0; 892 0.6 0 0; 901 3.2 0 0.0; 909 1.6 0 0; 914 0.4 0 0; 925 1.8 0 0; 932 1.8 0 0; 939 1.8 0 0; 946 1.8 0 0; 953 1.8 0 0; 960 1.8 0 0; 967 1.8 0 0; 974 1.8 0 0; 988 1.8 0 0; 995 1.8 0 0; 1002 1.8 0 0; 1009 1.8 0 0; 1014 0.8 0 0; 1019 0.8 0 0; 1024 0.8 0 0; 1029 0.6 0 0; 1034 0.6 0 0; 1039 0.4 0 0; 1073 3.0 0 0.0; 1081 1.6 0 0; 1087 0.4 0 0; 1093 0.8 0 0; 1098 0.8 0 0; 1103 0.6 0 0; 1108 0.4 0 0; 1113 0.4 0 0; 1118 0.4 0 0; 1123 0.4 0 0; 1128 0.4 0 0; 1133 0.4 0 0; 1138 0.4 0 0; 1143 0.4 0 0; 1148 0.4 0 0; 1157 0.4 0 0; 1162 0.4 0 0; 1167 0.4 0 0; 1172 0.4 0 0; 1177 0.4 0 0; 1182 0.4 0 0; 1187 0.4 0 0; 1192 0.4 0 0; 1197 0.4 0 0; 1200 3.6 0 0.0; 
Drone 4 1 0 0 1; 509.60000000000065 0.0 2.6688075065612793
Tasks 4 1 0 0 1; BM; 765; 0 255; 600 255; 1200 255; 
Miss 4 1 0 0 1; 4 1 0 BM; 0; 600 0; 1200 0; 
Reward 4 1 0 0 1; 60 101.4 0 0; 71 0 30.0 0; 86 0 15.6 0; 107 0 6.0 0; 118 51.6 0 0; 130 5.0 0 0; 141 5.0 0 0; 152 5.0 0 0; 163 5.0 0 0; 174 5.0 0 0; 185 0 5.0 0; 196 0 5.0 0; 207 0 4.0 0; 218 0 4.0 0; 229 0 4.0 0; 240 0 4.0 0; 246 0 0.8 0; 251 0 0.8 0; 256 0 0.8 0; 261 29.2 0 0; 266 0.8 0 0; 271 0.8 0 0; 276 0.8 0 0; 281 0.8 0 0; 286 0.8 0 0; 291 0 0.8 0; 296 0 0.8 0; 301 0 0.8 0; 306 0 0.8 0; 311 0 0.8 0; 316 0 0.8 0; 321 0 0.8 0; 326 0 0.8 0; 331 0 0.8 0; 336 0 0.8 0; 341 0 0.8 0; 346 0 0.8 0; 351 0 0.8 0; 356 0 0.8 0; 361 0 0.8 0; 366 0 0.8 0; 371 0 0.8 0; 376 14.4 0 0; 381 0.8 0 0; 386 0.8 0 0; 391 0.8 0 0; 396 0.8 0 0; 401 0.8 0 0; 406 0.8 0 0; 411 0.8 0 0; 416 0.8 0 0; 421 0.8 0 0; 426 0.8 0 0; 435 0.8 0 0; 440 0 0.8 0; 453 1.6 0 0; 462 0.8 0 0; 467 0.8 0 0; 472 0.8 0 0; 477 0.8 0 0; 482 0.8 0 0; 487 0 0.8 0; 492 0 0.8 0; 497 0 0.8 0; 502 0 0.8 0; 505 0 0.4 0; 510 0 0.4 0; 515 4.6 0 0; 525 0.8 0 0; 530 0.8 0 0; 535 0.8 0 0; 540 0.8 0 0; 545 0.8 0 0; 552 0.8 0 0; 557 0.8 0 0; 574 0 0.8 0; 579 0 0.8 0; 584 0 0.8 0; 593 2.4 0 0; 613 0.0 92.4 0.0; 624 131.4 0 0; 635 0 7.8 0; 656 0 13.8 0; 672 21.6 0 0; 683 5.0 0 0; 694 0 5.0 0; 705 10.0 0 0; 716 5.0 0 0; 727 5.0 0 0; 738 5.0 0 0; 761 0 5.0 0; 772 0 4.0 0; 783 0 4.0 0; 794 0 4.0 0; 805 0 4.0 0; 811 0 0.8 0; 816 0 0.8 0; 821 0 0.8 0; 826 24.2 0 0; 831 0.8 0 0; 836 0.8 0 0; 841 0.8 0 0; 846 0.8 0 0; 851 0.8 0 0; 856 0 0.8 0; 861 0 0.8 0; 866 0 0.8 0; 871 0 0.8 0; 876 0 0.8 0; 881 0 0.8 0; 886 0 0.8 0; 891 0 0.8 0; 896 0 0.8 0; 901 0 0.8 0; 906 0 0.8 0; 911 0 0.8 0; 916 0 0.8 0; 921 0 0.8 0; 926 0 0.8 0; 931 0 0.8 0; 936 0 0.8 0; 941 14.4 0 0; 946 0.8 0 0; 951 0.8 0 0; 956 0.8 0 0; 961 0.8 0 0; 966 0.8 0 0; 971 0.8 0 0; 976 0.8 0 0; 981 0.8 0 0; 986 0.8 0 0; 991 0.8 0 0; 1000 0.8 0 0; 1005 0 0.8 0; 1017 1.6 0 0; 1026 0.8 0 0; 1031 0.8 0 0; 1036 0.8 0 0; 1041 0.8 0 0; 1046 0.8 0 0; 1051 0 0.8 0; 1056 0 0.8 0; 1061 0 0.8 0; 1066 0 0.8 0; 1069 0 0.4 0; 1074 0 0.4 0; 1080 4.6 0 0; 1090 0.8 0 0; 1095 0.8 0 0; 1100 0.8 0 0; 1105 0.8 0 0; 1110 0.8 0 0; 1116 0.8 0 0; 1121 0.8 0 0; 1138 0 0.8 0; 1143 0 0.8 0; 1148 0 0.8 0; 1153 0 0.8 0; 1158 0 0.8 0; 1176 4.4 0 0; 1181 0.4 0 0; 1200 2.0 0 0.0; 
Drone 4 1 0 0 2; 139.60000000000002 0.0 0.7485573291778564
Tasks 4 1 0 0 2; FT; 49; 0 4; 150 5; 300 5; 450 5; 600 6; 750 6; 900 6; 1050 6; 1200 6; 
Tasks 4 1 0 0 2; FI; 10; 0 2; 300 2; 600 2; 900 2; 1200 2; 
Tasks 4 1 0 0 2; BM; 146; 0 50; 600 48; 1200 48; 
Miss 4 1 0 0 2; 4 1 0 FT; 0; 150 0; 300 0; 450 0; 600 0; 750 0; 900 0; 1050 0; 1200 0; 
Miss 4 1 0 0 2; 4 1 0 FI; 0; 300 0; 600 0; 900 0; 1200 0; 
Miss 4 1 0 0 2; 4 1 0 BM; 0; 600 0; 1200 0; 
Reward 4 1 0 0 2; 25 4.0 0 0; 29 1.6 0 0; 46 6.0 0 0; 63 24.0 0 0; 78 1.8 0 0; 85 1.8 0 0; 91 1.0 0 0; 97 1.0 0 0; 104 1.2 0 0; 113 1.8 0 0; 118 0.8 0 0; 122 0.8 0 0; 128 0.4 0 0; 133 0.4 0 0; 152 4.0 0 0.0; 157 0.8 0 0; 162 0.35 0 0; 171 0.8 0 0; 176 0.4 0 0; 181 0.4 0 0; 186 0.4 0 0; 191 0.4 0 0; 196 0.2 0 0; 201 0.25 0 0; 210 0.2 0 0; 215 0.2 0 0; 225 0.4 0 0; 234 0.2 0 0; 300 3.0 0 0.0; 312 2.4 0 0; 316 0.8 0 0; 321 0.4 0 0; 450 3.0 0 0.0; 455 1.0 0 0; 460 0.8 0 0; 465 0.2 0 0; 600 3.6 0 0.0; 622 4.8 0 0; 630 2.0 0 0; 647 4.8 0 0; 664 21.6 0 0; 681 0.4 0 0; 686 0.4 0 0; 694 1.2 0 0; 701 1.8 0 0; 708 1.8 0 0; 714 1.0 0 0; 719 1.2 0 0; 724 0.6 0 0; 733 0.8 0 0; 739 0.6 0 0; 748 1.0 0 0; 754 1.0 0 0.0; 761 4.0 0 0; 766 0.8 0 0; 771 0.2 0 0; 781 0.8 0 0; 786 0.4 0 0; 791 0.4 0 0; 798 0.4 0 0; 804 0.4 0 0; 809 0.4 0 0; 814 0.2 0 0; 827 0.2 0 0; 900 3.6 0 0.0; 911 2.4 0 0; 915 0.8 0 0; 920 0.8 0 0; 1050 3.6 0 0.0; 1055 1.2 0 0; 1061 0.8 0 0; 1066 0.4 0 0; 1200 2.0 0 0.0; 
Drone 4 1 0 0 3; 911.6 0.0 5.406301736831665
Tasks 4 1 0 0 3; BM; 1692; 0 564; 600 564; 1200 564; 
Miss 4 1 0 0 3; 4 1 0 BM; 0; 600 0; 1200 0; 
Reward 4 1 0 0 3; 76 0 101.4 0; 83 0 23.4 0; 94 0 23.4 0; 109 0 46.2 0; 122 0 6.6 0; 144 0 24.0 0; 165 0 42.0 0; 211 0 71.4 0; 230 338.4 0 0; 243 0 5.0 0; 254 0 5.0 0; 265 0 5.0 0; 276 0 5.0 0; 287 0 5.0 0; 298 0 5.0 0; 309 0 5.0 0; 320 0 5.0 0; 331 0 5.0 0; 342 0 5.0 0; 353 0 5.0 0; 374 0 5.0 0; 385 0 5.0 0; 396 0 5.0 0; 407 0 5.0 0; 428 0 4.0 0; 439 0 4.0 0; 450 0 4.0 0; 461 0 4.0 0; 472 0 5.0 0; 478 0 0.8 0; 483 0 0.8 0; 488 0 0.8 0; 493 0 0.8 0; 498 0 0.8 0; 503 0 0.8 0; 508 0 0.8 0; 513 0 0.8 0; 518 0 0.8 0; 523 0 0.8 0; 528 0 0.8 0; 533 0 0.8 0; 538 0 0.8 0; 543 0 0.8 0; 548 0 0.8 0; 553 0 0.8 0; 558 0 0.8 0; 599 109.6 0 0; 624 0.0 101.4 0.0; 631 0 23.4 0; 642 0 23.4 0; 657 0 46.2 0; 670 0 6.6 0; 692 0 24.0 0; 713 0 42.0 0; 759 0 71.4 0; 778 338.4 0 0; 791 0 5.0 0; 802 0 5.0 0; 813 0 5.0 0; 824 0 5.0 0; 835 0 5.0 0; 846 0 5.0 0; 857 0 5.0 0; 868 0 5.0 0; 879 0 5.0 0; 890 0 5.0 0; 901 0 5.0 0; 922 0 5.0 0; 933 0 5.0 0; 944 0 5.0 0; 955 0 5.0 0; 976 0 4.0 0; 987 0 4.0 0; 998 0 4.0 0; 1009 0 4.0 0; 1020 0 5.0 0; 1026 0 0.8 0; 1031 0 0.8 0; 1036 0 0.8 0; 1041 0 0.8 0; 1046 0 0.8 0; 1051 0 0.8 0; 1056 0 0.8 0; 1061 0 0.8 0; 1066 0 0.8 0; 1071 0 0.8 0; 1076 0 0.8 0; 1081 0 0.8 0; 1086 0 0.8 0; 1091 0 0.8 0; 1096 0 0.8 0; 1101 0 0.8 0; 1106 0 0.8 0; 1111 0 0.8 0; 1116 0 0.8 0; 1121 0 0.8 0; 1126 0 0.8 0; 1131 0 0.8 0; 1162 0 5.0 0; 1173 0 5.0 0; 1179 0 0.8 0; 1184 0 0.8 0; 1199 125.2 0 0; 
Drone 4 1 0 0 4; 393.9999999999999 0.0 1.0993149280548096
Tasks 4 1 0 0 4; FT; 125; 0 9; 150 10; 300 10; 450 10; 600 16; 750 17; 900 17; 1050 18; 1200 18; 
Tasks 4 1 0 0 4; BM; 465; 0 161; 600 152; 1200 152; 
Tasks 4 1 0 0 4; FI; 25; 0 5; 300 5; 600 5; 900 5; 1200 5; 
Miss 4 1 0 0 4; 4 1 0 FT; 0; 150 0; 