TaskGen 2.291524648666382
Sum 1 1 0 0 2971.2999999999997 0.0 6.827300548553467 1.7756868203481038 0.27266979217529297
Drone 1 1 0 0 0; 322.60000000000014 0.0 0.1049051284790039
Tasks 1 1 0 0 0; FT; 373; 0 31; 150 31; 300 32; 450 32; 600 48; 750 49; 900 50; 1050 50; 1200 50; 
Tasks 1 1 0 0 0; FI; 40; 0 8; 300 8; 600 8; 900 8; 1200 8; 
Tasks 1 1 0 0 0; BM; 33; 0 13; 600 10; 1200 10; 
Miss 1 1 0 0 0; 1 1 0 FT; 0; 150 0; 300 0; 450 0; 600 0; 750 0; 900 0; 1050 0; 1200 0; 
Miss 1 1 0 0 0; 1 1 0 FI; 0; 300 0; 600 0; 900 0; 1200 0; 
Miss 1 1 0 0 0; 1 1 0 BM; 0; 600 0; 1200 0; 
Reward 1 1 0 0 0; 41 4.2 0 0; 46 2.4 0 0; 57 6.0 0 0; 68 6.0 0 0; 89 3.2 0 0; 92 1.6 0 0; 97 3.2 0 0; 113 6.6 0 0; 153 6.4 0 0.0; 160 4.8 0 0; 165 0.8 0 0; 184 6.4 0 0; 193 6.4 0 0; 199 0.8 0 0; 204 0.8 0 0; 209 0.8 0 0; 214 0.8 0 0; 219 0.8 0 0; 224 0.8 0 0; 229 0.8 0 0; 232 0.4 0 0; 237 0.2 0 0; 288 1.4 0 0; 294 1.2 0 0; 297 0.2 0 0; 302 0.4 0 0.0; 332 6.0 0 0; 343 6.0 0 0; 354 6.0 0 0; 359 1.2 0 0; 402 3.2 0 0; 405 1.6 0 0; 410 1.6 0 0; 450 6.4 0 0.0; 457 4.8 0 0; 462 1.6 0 0; 481 6.4 0 0; 490 6.4 0 0; 496 0.8 0 0; 501 0.8 0 0; 506 0.8 0 0; 511 0.8 0 0; 516 0.8 0 0; 521 0.8 0 0; 526 0.8 0 0; 529 0.4 0 0; 534 0.4 0 0; 588 0.2 0 0; 604 6.0 0 0.0; 629 9.0 0 0; 640 9.0 0 0; 651 9.0 0 0; 656 1.8 0 0; 700 3.2 0 0; 703 1.6 0 0; 708 1.6 0 0; 754 9.6 0 0.0; 759 3.2 0 0; 770 7.2 0 0; 779 9.6 0 0; 788 9.6 0 0; 793 0.8 0 0; 798 0.8 0 0; 803 0.8 0 0; 808 0.8 0 0; 813 0.8 0 0; 818 0.8 0 0; 823 0.8 0 0; 827 0.6 0 0; 832 0.6 0 0; 835 0.2 0 0; 840 0.2 0 0; 847 0.4 0 0; 852 0.4 0 0; 857 0.4 0 0; 862 0.4 0 0; 867 0.4 0 0; 872 0.4 0 0; 902 8.8 0 0.0; 907 4.8 0 0; 914 7.2 0 0; 923 9.6 0 0; 932 9.6 0 0; 951 3.2 0 0; 954 1.6 0 0; 959 1.6 0 0; 980 0.8 0 0; 985 0.8 0 0; 990 0.8 0 0; 995 0.8 0 0; 1000 0.8 0 0; 1005 0.8 0 0; 1010 0.8 0 0; 1014 0.6 0 0; 1020 0.8 0 0; 1051 4.0 0 0.0; 1057 6.4 0 0; 1066 9.6 0 0; 1075 9.6 0 0; 1082 7.2 0 0; 1087 4.0 0 0; 1092 0.8 0 0; 1096 0.6 0 0; 1101 0.8 0 0; 1106 0.8 0 0; 1111 0.8 0 0; 1116 0.8 0 0; 1121 0.8 0 0; 1124 0.4 0 0; 1129 0.4 0 0; 1138 0.4 0 0; 1143 0.4 0 0; 1148 0.4 0 0; 1153 0.4 0 0; 1164 0.8 0 0; 1167 0.2 0 0; 1173 0.2 0 0; 1176 0.2 0 0; 1200 4.0 0 0.0; 
Drone 1 1 0 0 1; 717.1999999999998 0.0 3.4425113201141357
Tasks 1 1 0 0 1; BM; 1207; 0 413; 600 397; 1200 397; 
Miss 1 1 0 0 1; 1 1 0 BM; 0; 600 0; 1200 0; 
Reward 1 1 0 0 1; 31 49.2 0 0; 58 65.4 0 0; 72 25.2 0 0; 91 0 74.4 0; 102 0 21.6 0; 113 0 12.0 0; 136 108.0 0 0; 140 5.0 0 0; 151 5.0 0 0; 162 5.0 0 0; 173 5.0 0 0; 184 0 5.0 0; 195 0 5.0 0; 206 0 5.0 0; 217 0 5.0 0; 228 0 5.0 0; 239 0 5.0 0; 254 0 5.0 0; 287 39.8 0 0; 298 3.2 0 0; 309 4.8 0 0; 320 5.0 0 0; 331 4.2 0 0; 339 1.2 0 0; 342 0.6 0 0; 347 0.8 0 0; 352 0.8 0 0; 357 0.8 0 0; 366 0.8 0 0; 371 0.8 0 0; 376 0.8 0 0; 381 0.8 0 0; 386 0.8 0 0; 391 0.8 0 0; 396 0.8 0 0; 401 0.8 0 0; 406 0.8 0 0; 411 0.8 0 0; 416 0.8 0 0; 444 3.0 0 0; 450 0.8 0 0; 455 0.8 0 0; 460 0.8 0 0; 465 0.8 0 0; 470 0.8 0 0; 475 0.8 0 0; 480 0.8 0 0; 485 0.8 0 0; 490 0.8 0 0; 495 0.8 0 0; 505 0.8 0 0; 510 0.8 0 0; 513 0.4 0 0; 524 0.8 0 0; 529 0.8 0 0; 534 0.8 0 0; 539 0.8 0 0; 544 0.8 0 0; 549 0.8 0 0; 600 20.0 0 0.0; 619 31.8 0 0; 646 58.2 0 0; 660 25.2 0 0; 680 0 74.4 0; 691 0 21.6 0; 702 0 12.0 0; 724 108.0 0 0; 728 5.0 0 0; 739 5.0 0 0; 750 5.0 0 0; 761 5.0 0 0; 772 0 5.0 0; 783 0 5.0 0; 794 0 5.0 0; 805 0 5.0 0; 816 0 5.0 0; 827 0 5.0 0; 843 0 5.0 0; 849 0 0.8 0; 854 0 0.8 0; 859 0 0.8 0; 864 0 0.8 0; 869 0 0.8 0; 874 0 0.8 0; 879 0 0.8 0; 884 0 0.8 0; 889 0 0.8 0; 894 0 0.8 0; 899 0 0.8 0; 908 0 0.8 0; 913 0 0.8 0; 918 0 0.8 0; 923 0 0.8 0; 928 0 0.8 0; 933 0 0.8 0; 938 0 0.8 0; 943 0 0.8 0; 948 0 0.8 0; 953 0 0.8 0; 958 0 0.8 0; 963 0 0.8 0; 968 0 0.8 0; 973 0 0.8 0; 978 0 0.8 0; 1014 59.8 0 0; 1035 4.6 0 0; 1050 4.2 0 0; 1058 1.2 0 0; 1061 0.6 0 0; 1067 0.8 0 0; 1072 0.8 0 0; 1077 0.8 0 0; 1086 0.8 0 0; 1091 0.8 0 0; 1096 0.8 0 0; 1101 0.8 0 0; 1106 0.8 0 0; 1111 0.8 0 0; 1116 0.8 0 0; 1121 0.8 0 0; 1130 1.6 0 0; 1135 1.6 0 0; 1140 1.2 0 0; 1145 0.8 0 0; 1150 0.8 0 0; 1155 0.8 0 0; 1160 1.2 0 0; 1165 1.6 0 0; 1170 1.6 0 0; 1175 0.8 0 0; 1180 0.8 0 0; 1185 0.8 0 0; 1190 0.8 0 0; 1195 0.8 0 0; 1200 4.0 0 0.0; 
Drone 1 1 0 0 2; 327.99999999999994 0.0 0.1898784637451172
Tasks 1 1 0 0 2; FT; 200; 0 10; 150 17; 300 19; 450 19; 600 20; 750 28; 900 29; 1050 29; 1200 29; 
Tasks 1 1 0 0 2; FI; 270; 0 54; 300 54; 600 54; 900 54; 1200 54; 
Miss 1 1 0 0 2; 1 1 0 FT; 0; 150 0; 300 0; 450 0; 600 0; 750 0; 900 0; 1050 0; 1200 0; 
Miss 1 1 0 0 2; 1 1 0 FI; 0; 300 0; 600 0; 900 0; 1200 0; 
Reward 1 1 0 0 2; 60 3.6 0 0; 71 2.4 0 0; 84 1.6 0 0; 89 1.6 0 0; 94 0.8 0 0; 99 3.2 0 0; 104 3.2 0 0; 109 2.4 0 0; 114 2.4 0 0; 119 3.2 0 0; 124 3.2 0 0; 129 2.4 0 0; 132 0.8 0 0; 137 0.8 0 0; 147 3.2 0 0; 152 3.2 0 0.0; 168 6.0 0 0; 179 4.2 0 0; 200 1.6 0 0; 205 1.6 0 0; 208 0.8 0 0; 213 3.2 0 0; 216 1.6 0 0; 221 3.2 0 0; 224 1.6 0 0; 239 1.6 0 0; 244 1.6 0 0; 249 1.6 0 0; 254 1.6 0 0; 259 0.4 0 0; 300 3.2 0 0.0; 322 6.0 0 0; 333 5.4 0 0; 346 1.6 0 0; 351 1.6 0 0; 356 0.8 0 0; 361 3.2 0 0; 366 3.2 0 0; 371 2.4 0 0; 376 2.4 0 0; 381 3.2 0 0; 386 3.2 0 0; 391 2.4 0 0; 394 0.8 0 0; 400 0.8 0 0; 409 3.2 0 0; 414 3.2 0 0; 419 1.6 0 0; 424 1.6 0 0; 427 0.8 0 0; 432 3.2 0 0; 435 1.6 0 0; 440 1.6 0 0; 458 6.4 0 0.0; 463 1.2 0 0; 474 5.4 0 0; 479 1.6 0 0; 488 1.2 0 0; 493 0.8 0 0; 498 0.8 0 0; 503 0.8 0 0; 508 0.8 0 0; 600 2.4 0 0.0; 609 6.4 0 0; 618 7.2 0 0; 627 2.0 0 0; 632 3.2 0 0; 637 3.2 0 0; 642 0.8 0 0; 647 2.4 0 0; 650 0.8 0 0; 657 3.2 0 0; 662 3.2 0 0; 667 2.0 0 0; 672 1.6 0 0; 677 3.2 0 0; 682 3.2 0 0; 687 3.2 0 0; 690 1.6 0 0; 695 3.2 0 0; 698 1.6 0 0; 703 1.6 0 0; 706 0.8 0 0; 725 1.2 0 0; 730 1.6 0 0; 735 0.8 0 0; 751 9.6 0 0.0; 756 1.8 0 0; 767 7.8 0 0; 772 2.4 0 0; 781 1.6 0 0; 786 0.8 0 0; 791 0.8 0 0; 796 0.8 0 0; 801 0.8 0 0; 804 0.4 0 0; 809 0.4 0 0; 814 0.4 0 0; 819 0.4 0 0; 900 3.2 0 0.0; 921 9.0 0 0; 932 8.4 0 0; 945 1.6 0 0; 950 1.6 0 0; 955 0.8 0 0; 960 3.2 0 0; 965 3.2 0 0; 970 2.4 0 0; 975 2.4 0 0; 980 3.2 0 0; 985 3.2 0 0; 990 2.4 0 0; 993 0.8 0 0; 999 0.8 0 0; 1009 3.2 0 0; 1014 3.2 0 0; 1019 1.6 0 0; 1024 1.6 0 0; 1027 0.8 0 0; 1032 3.2 0 0; 1035 1.6 0 0; 1040 1.6 0 0; 1058 9.6 0 0.0; 1062 1.8 0 0; 1073 8.4 0 0; 1079 2.4 0 0; 1087 1.6 0 0; 1092 0.8 0 0; 1097 0.8 0 0; 1102 0.8 0 0; 1107 0.8 0 0; 1110 0.4 0 0; 1115 0.4 0 0; 1120 0.4 0 0; 1125 0.4 0 0; 1130 0.4 0 0; 1200 3.0 0 0.0; 
Drone 1 1 0 0 3; 1047.0 0.0 6.827300548553467
Tasks 1 1 0 0 3; BM; 2045; 0 697; 600 674; 1200 674; 
Miss 1 1 0 0 3; 1 1 0 BM; 0; 600 0; 1200 0; 
Reward 1 1 0 0 3; 51 63.0 0 0; 62 35.4 0 0; 73 0 7.8 0; 85 0 16.2 0; 110 0 65.4 0; 131 0 78.0 0; 142 0 24.0 0; 171 0 85.8 0; 194 0 39.6 0; 232 0 3.0 0; 275 319.8 0 0; 291 5.0 0 0; 302 5.0 0 0; 313 0 5.0 0; 324 0 5.0 0; 335 0 5.0 0; 346 0 5.0 0; 357 0 5.0 0; 368 0 5.0 0; 389 0 5.0 0; 400 0 5.0 0; 411 0 5.0 0; 422 0 5.0 0; 429 0 3.0 0; 441 0 3.6 0; 452 0 4.0 0; 463 0 4.0 0; 474 0 4.0 0; 485 73.6 0 0; 496 5.0 0 0; 507 5.0 0 0; 518 5.0 0 0; 533 3.8 0 0; 556 0 4.0 0; 562 0 0.8 0; 567 0 0.8 0; 572 0 0.8 0; 577 7.2 0 0; 601 79.8 0 0.0; 612 0 7.8 0; 623 0 12.6 0; 648 0 64.8 0; 669 0 72.0 0; 680 0 21.0 0; 709 0 85.8 0; 732 0 39.6 0; 770 0 3.0 0; 852 324.6 0 0; 869 5.0 0 0; 880 5.0 0 0; 891 5.0 0 0; 902 0 4.0 0; 913 0 4.0 0; 924 0 4.0 0; 935 0 4.0 0; 946 0 5.0 0; 957 0 5.0 0; 968 0 5.0 0; 979 0 5.0 0; 990 0 5.0 0; 1001 0 5.0 0; 1012 0 5.0 0; 1023 0 5.0 0; 1034 61.0 0 0; 1045 0 5.0 0; 1052 0 2.0 0; 1074 12.0 0 0; 1081 2.0 0 0; 1092 2.0 0 0; 1126 0 5.0 0; 1137 0 5.0 0; 1148 0 4.0 0; 1159 0 4.0 0; 1170 0 4.0 0; 1181 0 0.8 0; 1199 22.8 0 0; 
Drone 1 1 0 0 4; 345.8999999999998 0.0 0.0494532585144043
Tasks 1 1 0 0 4; FI; 430; 0 86; 300 86; 600 86; 900 86; 1200 86; 
Tasks 1 1 0 0 4; FT; 63; 0 4; 150 4; 300 6; 450 6; 600 6; 750 6; 900 9; 1050 11; 1200 11; 
Tasks 1 1 0 0 4; BM; 45; 0 15; 600 15; 1200 15; 
Miss 1 1 0 0 4; 1 1 0 FT; 0; 150 0; 300 0; 450 0; 600 0; 750 0; 900 0; 1050 0; 1200 0; 
Miss 1 1 0 0 4; 1 1 0 FI; 0; 300 0; 600 0; 900 0; 1200 0; 
Miss 1 1 0 0 4; 1 1 0 BM; 0; 600 0; 1200 0; 
Reward 1 1 0 0 4; 31 2.4 0 0; 42 3.2 0 0; 45 1.6 0 0; 50 3.2 0 0; 53 1.6 0 0; 60 3.2 0 0; 63 1.6 0 0; 68 3.2 0 0; 73 3.2 0 0; 78 3.2 0 0; 81 1.6 0 0; 86 3.2 0 0; 91 3.2 0 0; 96 3.2 0 0; 101 1.6 0 0; 106 1.6 0 0; 111 3.2 0 0; 116 3.2 0 0; 121 3.2 0 0; 126 3.2 0 0; 129 1.6 0 0; 134 3.2 0 0; 139 1.6 0 0; 144 1.6 0 0; 147 0.8 0 0; 152 1.6 0 0.0; 157 1.6 0 0; 162 1.6 0 0; 167 0.8 0 0; 185 3.2 0 0; 199 2.4 0 0; 224 9.0 0 0; 251 0.8 0 0; 257 0.4 0 0; 262 0.4 0 0; 289 1.8 0 0; 294 1.2 0 0; 301 1.8 0 0.0; 324 3.0 0 0; 328 0.6 0 0; 342 3.2 0 0; 345 1.6 0 0; 350 3.2 0 0; 353 1.6 0 0; 360 3.2 0 0; 363 1.6 0 0; 368 3.2 0 0; 373 1.6 0 0; 378 3.2 0 0; 381 1.6 0 0; 386 3.2 0 0; 391 3.2 0 0; 396 3.2 0 0; 401 1.6 0 0; 406 1.6 0 0; 411 3.2 0 0; 416 3.2 0 0; 421 3.2 0 0; 426 3.2 0 0; 429 1.6 0 0; 434 3.2 0 0; 439 1.6 0 0; 444 1.6 0 0; 447 0.8 0 0; 452 1.6 0 0.0; 457 1.6 0 0; 462 1.6 0 0; 467 0.8 0 0; 484 3.2 0 0; 498 3.0 0 0; 502 0.6 0 0; 507 0.8 0 0; 513 0.6 0 0; 521 0.4 0 0; 526 0.4 0 0; 535 0.2 0 0; 561 0.4 0 0; 566 0.4 0 0; 571 0.2 0 0; 578 0.2 0 0; 583 0.1 0 0; 600 3.2 0 0.0; 616 3.0 0 0; 620 0.6 0 0; 633 3.2 0 0; 636 1.6 0 0; 641 3.2 0 0; 644 1.6 0 0; 651 3.2 0 0; 654 1.6 0 0; 659 3.2 0 0; 664 3.2 0 0; 669 3.2 0 0; 672 1.6 0 0; 677 3.2 0 0; 680 1.6 0 0; 685 3.2 0 0; 690 1.6 0 0; 695 1.6 0 0; 698 0.8 0 0; 703 1.6 0 0; 708 1.6 0 0; 713 1.6 0 0; 718 0.8 0 0; 723 1.6 0 0; 728 3.2 0 0; 733 3.2 0 0; 738 3.2 0 0; 745 3.2 0 0; 750 3.2 0 0.0; 755 1.6 0 0; 768 3.2 0 0; 782 3.0 0 0; 786 0.6 0 0; 813 9.0 0 0; 838 0.8 0 0; 846 0.6 0 0; 851 0.4 0 0; 860 0.4 0 0; 864 0.2 0 0; 888 1.8 0 0; 893 1.2 0 0; 900 1.8 0 0.0; 923 3.0 0 0; 927 2.4 0 0; 940 3.2 0 0; 943 1.6 0 0; 948 3.2 0 0; 951 1.6 0 0; 958 3.2 0 0; 961 1.6 0 0; 966 3.2 0 0; 971 1.6 0 0; 976 3.2 0 0; 979 1.6 0 0; 984 3.2 0 0; 989 3.2 0 0; 994 3.2 0 0; 999 1.6 0 0; 1004 1.6 0 0; 1009 3.2 0 0; 1014 3.2 0 0; 1019 3.2 0 0; 1024 3.2 0 0; 1027 1.6 0 0; 1032 3.2 0 0; 1037 1.6 0 0; 1042 1.6 0 0; 1045 0.8 0 0; 1050 1.6 0 0.0; 1055 1.6 0 0; 1060 1.6 0 0; 1065 0.8 0 0; 1083 3.2 0 0; 1097 3.0 0 0; 1101 3.6 0 0; 1106 1.6 0 0; 1111 0.8 0 0; 1116 0.8 0 0; 1125 0.8 0 0; 1129 0.4 0 0; 1153 0.4 0 0; 1158 0.4 0 0; 1163 0.2 0 0; 1170 0.2 0 0; 1175 0.1 0 0; 1200 1.7 0 0.0; 
Drone 1 1 0 0 5; 210.59999999999977 0.0 0.04007220268249512
Tasks 1 1 0 0 5; FT; 72; 0 5; 150 6; 300 8; 450 8; 600 9; 750 9; 900 9; 1050 9; 1200 9; 
Tasks 1 1 0 0 5; FI; 255; 0 51; 300 51; 600 51; 900 51; 1200 51; 
Miss 1 1 0 0 5; 1 1 0 FT; 0; 150 0; 300 0; 450 0; 600 0; 750 0; 900 0; 1050 0; 1200 0; 
Miss 1 1 0 0 5; 1 1 0 FI; 0; 300 0; 600 0; 900 0; 1200 0; 
Reward 1 1 0 0 5; 49 0.8 0 0; 66 3.2 0 0; 87 3.2 0 0; 92 3.2 0 0; 97 3.2 0 0; 100 1.6 0 0; 105 3.2 0 0; 108 1.6 0 0; 125 3.2 0 0; 130 3.2 0 0; 135 1.6 0 0; 140 1.6 0 0; 145 3.2 0 0; 150 3.2 0 0.0; 184 0.6 0 0; 201 3.0 0 0; 248 1.6 0 0; 253 3.2 0 0; 258 3.2 0 0; 261 0.8 0 0; 307 3.2 0 0.0; 311 1.2 0 0; 328 1.2 0 0; 341 3.2 0 0; 346 3.2 0 0; 351 3.2 0 0; 354 1.6 0 0; 359 3.2 0 0; 362 1.6 0 0; 379 3.2 0 0; 384 3.2 0 0; 389 1.6 0 0; 394 1.6 0 0; 399 3.2 0 0; 404 3.2 0 0; 409 3.2 0 0; 412 0.8 0 0; 419 3.2 0 0; 424 1.6 0 0; 471 3.6 0 0.0; 488 1.2 0 0; 492 0.4 0 0; 507 0.8 0 0; 510 0.4 0 0; 515 0.8 0 0; 520 0.4 0 0; 537 0.2 0 0; 546 0.2 0 0; 600 1.6 0 0.0; 640 1.2 0 0; 656 4.2 0 0; 680 3.2 0 0; 685 3.2 0 0; 690 3.2 0 0; 693 1.6 0 0; 698 3.2 0 0; 701 1.6 0 0; 718 3.2 0 0; 723 3.2 0 0; 728 1.6 0 0; 733 1.6 0 0; 738 3.2 0 0; 743 3.2 0 0; 748 3.2 0 0; 751 0.8 0 0.0; 789 1.2 0 0; 805 4.2 0 0; 852 3.2 0 0; 900 4.2 0 0.0; 916 1.2 0 0; 929 3.2 0 0; 934 3.2 0 0; 939 3.2 0 0; 942 1.6 0 0; 947 3.2 0 0; 950 1.6 0 0; 968 3.2 0 0; 973 3.2 0 0; 978 1.6 0 0; 983 1.6 0 0; 988 3.2 0 0; 993 3.2 0 0; 998 3.2 0 0; 1001 0.8 0 0; 1008 3.2 0 0; 1013 1.6 0 0; 1060 4.2 0 0.0; 1076 1.2 0 0; 1081 0.4 0 0; 1099 1.2 0 0; 1104 0.8 0 0; 1107 0.4 0 0; 1117 0.4 0 0; 1134 0.2 0 0; 1143 0.2 0 0; 1200 1.0 0 0.0; 
Sum 1 1 1 0 -4373.900000000001 7150.0 4.953956365585327 1.3571732838948567 0.25620388984680176
Drone 1 1 1 0 0; 373.3 0.0 0.31838130950927734
Tasks 1 1 1 0 0; FT; 373; 0 31; 150 31; 300 32; 450 32; 600 48; 750 49; 900 50; 1050 50; 1200 50; 
Tasks 1 1 1 0 0; FI; 40; 0 8; 300 8; 600 8; 900 8; 1200 8; 
Tasks 1 1 1 0 0; BM; 33; 0 13; 600 10; 1200 10; 
Miss 1 1 1 0 0; 1 1 1 FT; 0; 150 0; 300 0; 450 0; 600 0; 750 0; 900 0; 1050 0; 1200 0; 
Miss 1 1 1 0 0; 1 1 1 FI; 0; 300 0; 600 0; 900 0; 1200 0; 
Miss 1 1 1 0 0; 1 1 1 BM; 0; 600 0; 1200 0; 
Reward 1 1 1 0 0; 35 1.0 0 0; 40 4.0 0 0; 43 2.0 0 0; 48 4.0 0 0; 53 4.0 0 0; 58 4.0 0 0; 63 4.0 0 0; 66 2.0 0 0; 69 2.0 0 0; 74 4.0 0 0; 89 3.2 0 0; 92 1.6 0 0; 97 3.2 0 0; 101 0.1 0 0; 106 0.8 0 0; 109 0.2 0 0; 115 3.6 0 0; 118 1.6 0 0; 123 2.0 0 0; 126 1.8 0 0; 150 6.0 0 0.0; 155 1.6 0 0; 160 0.4 0 0; 163 0.4 0 0; 168 0.8 0 0; 171 0.8 0 0; 174 2.0 0 0; 179 4.0 0 0; 184 4.0 0 0; 189 4.0 0 0; 194 4.0 0 0; 197 2.0 0 0; 202 1.0 0 0; 300 1.6 0 0.0; 305 3.2 0 0; 308 1.6 0 0; 324 4.0 0 0; 329 4.0 0 0; 332 2.0 0 0; 335 2.0 0 0; 340 4.0 0 0; 345 4.0 0 0; 350 4.0 0 0; 355 4.0 0 0; 358 2.0 0 0; 363 2.0 0 0; 450 4.0 0 0.0; 455 4.0 0 0; 458 2.0 0 0; 461 2.0 0 0; 466 4.0 0 0; 471 4.0 0 0; 476 4.0 0 0; 481 4.0 0 0; 484 2.0 0 0; 489 2.0 0 0; 606 2.4 0 0; 611 2.4 0 0; 615 0.4 0 0; 620 2.0 0 0; 623 1.8 0 0; 630 3.2 0 0; 633 1.6 0 0; 638 1.6 0 0; 659 4.0 0 0; 662 2.0 0 0; 667 4.0 0 0; 670 2.0 0 0; 673 2.0 0 0; 676 2.0 0 0; 679 2.0 0 0; 684 4.0 0 0; 687 2.0 0 0; 692 4.0 0 0; 695 2.0 0 0; 700 4.0 0 0; 703 2.0 0 0; 708 4.0 0 0; 711 2.0 0 0; 714 2.0 0 0; 717 1.0 0 0; 724 2.4 0 0; 729 0.2 0 0; 732 0.4 0 0; 751 4.0 0 0.0; 754 2.0 0 0; 759 4.0 0 0; 762 2.0 0 0; 765 2.0 0 0; 768 2.0 0 0; 771 2.0 0 0; 776 4.0 0 0; 779 2.0 0 0; 795 3.6 0 0; 802 6.0 0 0; 808 0.8 0 0; 811 0.4 0 0; 816 4.0 0 0; 819 2.0 0 0; 822 2.0 0 0; 825 1.0 0 0; 831 3.2 0 0; 837 0.4 0 0; 840 0.4 0 0; 855 0.8 0 0; 858 0.4 0 0; 900 1.6 0 0.0; 905 3.2 0 0; 908 1.6 0 0; 923 4.0 0 0; 926 2.0 0 0; 931 4.0 0 0; 934 2.0 0 0; 937 2.0 0 0; 940 2.0 0 0; 943 2.0 0 0; 948 4.0 0 0; 951 2.0 0 0; 956 4.0 0 0; 959 2.0 0 0; 964 4.0 0 0; 967 2.0 0 0; 972 4.0 0 0; 975 2.0 0 0; 978 2.0 0 0; 981 1.0 0 0; 988 4.0 0 0; 993 0.6 0 0; 996 0.4 0 0; 1050 4.0 0 0.0; 1053 2.0 0 0; 1058 4.0 0 0; 1061 2.0 0 0; 1064 2.0 0 0; 1067 2.0 0 0; 1070 2.0 0 0; 1075 4.0 0 0; 1078 2.0 0 0; 1083 4.0 0 0; 1086 2.0 0 0; 1091 4.0 0 0; 1094 2.0 0 0; 1099 4.0 0 0; 1102 2.0 0 0; 1105 2.0 0 0; 1108 1.0 0 0; 1115 4.0 0 0; 1121 0.6 0 0; 1124 0.4 0 0; 1200 4.0 0 0.0; 
Drone 1 1 1 0 1; -286.4 1000.0 2.1709370613098145
Tasks 1 1 1 0 1; BM; 1207; 0 413; 600 397; 1200 397; 
Miss 1 1 1 0 1; 1 1 1 BM; 100; 600 62; 1200 38; 
Reward 1 1 1 0 1; 6 4.0 0 0; 11 4.0 0 0; 16 4.0 0 0; 21 4.0 0 0; 26 4.0 0 0; 29 2.0 0 0; 32 2.0 0 0; 37 4.0 0 0; 42 4.0 0 0; 47 4.0 0 0; 52 2.0 0 0; 59 3.2 0 0; 67 2.4 0 0; 72 2.4 0 0; 81 4.8 0 0; 87 0.8 0 0; 92 2.4 0 0; 97 4.0 0 0; 102 4.0 0 0; 107 4.0 0 0; 112 2.0 0 0; 117 2.0 0 0; 122 4.0 0 0; 127 4.0 0 0; 132 4.0 0 0; 137 4.0 0 0; 142 4.0 0 0; 147 4.0 0 0; 152 4.0 0 0; 157 4.0 0 0; 162 4.0 0 0; 167 4.0 0 0; 172 4.0 0 0; 177 4.0 0 0; 182 4.0 0 0; 187 4.0 0 0; 190 2.0 0 0; 193 2.0 0 0; 198 4.0 0 0; 203 4.0 0 0; 206 2.0 0 0; 211 4.0 0 0; 214 0 2.0 0; 219 0 2.0 0; 222 0 1.0 0; 229 0 2.0 0; 234 0 2.0 0; 239 0 4.0 0; 244 0 4.0 0; 249 0 4.0 0; 254 0 4.0 0; 259 0 4.0 0; 264 0 4.0 0; 273 0 4.0 0; 278 0 4.0 0; 283 0 2.0 0; 288 0 2.0 0; 293 0 4.0 0; 298 0 4.0 0; 303 0 4.0 0; 308 0 4.0 0; 313 0 2.0 0; 322 0 1.6 0; 331 0 2.4 0; 336 0 4.0 0; 341 0 4.0 0; 346 0 4.0 0; 351 0 4.0 0; 356 0 4.0 0; 361 0 4.0 0; 366 0 4.0 0; 371 0 2.0 0; 376 0 2.0 0; 379 0 1.0 0; 382 0 1.0 0; 387 0 2.0 0; 392 0 2.0 0; 397 0 4.0 0; 402 0 4.0 0; 407 0 4.0 0; 412 0 4.0 0; 417 0 4.0 0; 422 0 4.0 0; 427 0 4.0 0; 435 0 4.8 0; 442 0 0.8 0; 447 0 2.4 0; 455 0 3.2 0; 462 0 0.8 0; 471 0 4.0 0; 476 0 4.0 0; 483 0 1.6 0; 491 0 0.4 0; 508 0 9.6 0; 514 0 0.8 0; 517 0 0.4 0; 520 0 2.0 0; 525 0 2.4 0; 530 174.2 0 0; 535 4.0 0 0; 540 0 0.8 0; 549 0 4.0 0; 554 8.8 0 0; 559 4.0 0 0; 564 0 4.0 0; 573 8.0 0 0; 579 0.8 0 0; 589 3.2 0 0; 592 2.0 0 0; 595 2.0 0 0; 600 -616.0 0 620.0; 605 4.0 0 0; 610 4.0 0 0; 615 4.0 0 0; 620 4.0 0 0; 623 2.0 0 0; 628 4.0 0 0; 631 0 2.0 0; 636 0 2.0 0; 639 0 1.0 0; 646 0 2.0 0; 651 0 2.0 0; 656 0 4.0 0; 661 0 4.0 0; 666 0 4.0 0; 671 0 4.0 0; 676 0 4.0 0; 681 0 4.0 0; 690 0 4.0 0; 695 0 4.0 0; 700 0 2.0 0; 705 0 2.0 0; 710 0 4.0 0; 715 0 4.0 0; 720 0 4.0 0; 725 0 4.0 0; 730 0 2.0 0; 739 0 1.6 0; 747 0 2.4 0; 752 0 4.0 0; 757 0 4.0 0; 762 0 4.0 0; 767 0 4.0 0; 772 0 4.0 0; 777 0 4.0 0; 782 0 4.0 0; 787 0 2.0 0; 792 0 2.0 0; 795 0 1.0 0; 798 0 1.0 0; 803 0 2.0 0; 808 0 2.0 0; 813 0 4.0 0; 818 0 4.0 0; 823 0 4.0 0; 828 0 4.0 0; 833 0 4.0 0; 838 0 4.0 0; 843 0 4.0 0; 852 0 4.8 0; 858 0 0.8 0; 863 0 2.4 0; 872 0 3.2 0; 879 0 0.8 0; 888 0 4.0 0; 893 0 4.0 0; 899 0 1.6 0; 907 0 0.4 0; 924 0 9.6 0; 930 0 0.8 0; 933 0 0.4 0; 936 0 2.0 0; 941 0 2.4 0; 946 174.2 0 0; 951 4.0 0 0; 954 2.0 0 0; 957 2.0 0 0; 962 4.0 0 0; 967 0 0.8 0; 976 0 4.0 0; 981 8.8 0 0; 986 4.0 0 0; 991 4.0 0 0; 996 4.0 0 0; 1001 4.0 0 0; 1006 4.0 0 0; 1011 0 4.0 0; 1021 4.8 0 0; 1031 3.2 0 0; 1034 2.0 0 0; 1037 2.0 0 0; 1043 4.0 0 0; 1048 4.0 0 0; 1053 4.0 0 0; 1058 4.0 0 0; 1063 4.0 0 0; 1068 4.0 0 0; 1073 4.0 0 0; 1078 4.0 0 0; 1083 4.0 0 0; 1088 4.0 0 0; 1093 3.0 0 0; 1098 1.0 0 0; 1103 2.0 0 0; 1108 4.0 0 0; 1111 2.0 0 0; 1114 2.0 0 0; 1119 4.0 0 0; 1124 4.0 0 0; 1129 4.0 0 0; 1134 2.0 0 0; 1141 3.2 0 0; 1149 2.4 0 0; 1154 4.0 0 0; 1159 4.0 0 0; 1164 4.0 0 0; 1169 4.0 0 0; 1174 4.0 0 0; 1184 4.0 0 0; 1189 4.0 0 0; 1194 4.0 0 0; 1200 -376.0 0 380.0; 
Drone 1 1 1 0 2; 313.7999999999999 30.0 0.2567920684814453
Tasks 1 1 1 0 2; FT; 200; 0 10; 150 17; 300 19; 450 19; 600 20; 750 28; 900 29; 1050 29; 1200 29; 
Tasks 1 1 1 0 2; FI; 270; 0 54; 300 54; 600 54; 900 54; 1200 54; 
Miss 1 1 1 0 2; 1 1 1 FT; 3; 150 3; 300 0; 450 0; 600 0; 750 0; 900 0; 1050 0; 1200 0; 
Miss 1 1 1 0 2; 1 1 1 FI; 0; 300 0; 600 0; 900 0; 1200 0; 
Reward 1 1 1 0 2; 40 3.2 0 0; 43 1.6 0 0; 48 3.2 0 0; 53 3.2 0 0; 58 2.4 0 0; 61 0.8 0 0; 66 0.8 0 0; 71 3.2 0 0; 76 3.2 0 0; 81 3.6 0 0; 86 2.8 0 0; 91 1.6 0 0; 96 0.8 0 0; 106 3.2 0 0; 111 3.2 0 0; 116 1.6 0 0; 121 1.6 0 0; 124 0.8 0 0; 129 3.2 0 0; 132 1.6 0 0; 142 3.6 0 0; 146 1.0 0 0; 150 -28.0 0 30.0; 155 2.0 0 0; 160 4.0 0 0; 165 4.0 0 0; 170 4.0 0 0; 175 1.0 0 0; 300 3.2 0 0.0; 303 1.6 0 0; 308 3.2 0 0; 313 3.2 0 0; 318 2.4 0 0; 321 0.8 0 0; 326 0.8 0 0; 331 3.2 0 0; 336 3.2 0 0; 341 3.6 0 0; 345 2.0 0 0; 350 4.0 0 0; 354 0.8 0 0; 359 1.6 0 0; 364 0.8 0 0; 374 3.2 0 0; 379 3.2 0 0; 384 1.6 0 0; 389 1.6 0 0; 392 0.8 0 0; 397 3.2 0 0; 400 1.6 0 0; 410 3.6 0 0; 414 2.0 0 0; 426 3.2 0 0; 432 0.4 0 0; 435 0.4 0 0; 440 3.0 0 0; 453 4.0 0 0.0; 458 4.0 0 0; 463 4.0 0 0; 468 3.0 0 0; 483 3.2 0 0; 489 0.4 0 0; 492 0.4 0 0; 600 2.4 0 0.0; 606 0.2 0 0; 609 0.4 0 0; 614 4.0 0 0; 619 4.0 0 0; 623 0.8 0 0; 628 3.6 0 0; 632 2.0 0 0; 637 4.0 0 0; 640 1.0 0 0; 646 1.6 0 0; 651 1.6 0 0; 656 1.6 0 0; 659 0.8 0 0; 664 3.2 0 0; 667 1.6 0 0; 672 3.2 0 0; 675 1.6 0 0; 682 3.2 0 0; 687 3.2 0 0; 692 2.4 0 0; 695 0.8 0 0; 700 0.8 0 0; 705 3.2 0 0; 710 3.2 0 0; 715 1.6 0 0; 720 0.8 0 0; 730 3.2 0 0; 735 3.2 0 0; 750 4.0 0 0.0; 753 2.0 0 0; 758 4.0 0 0; 761 2.0 0 0; 766 4.0 0 0; 779 4.0 0 0; 782 2.0 0 0; 787 4.0 0 0; 790 2.0 0 0; 900 4.0 0 0.0; 906 0.6 0 0; 909 0.4 0 0; 914 4.0 0 0; 917 2.0 0 0; 922 4.0 0 0; 925 2.0 0 0; 929 0.8 0 0; 934 3.6 0 0; 938 2.0 0 0; 941 2.0 0 0; 946 4.0 0 0; 949 2.0 0 0; 953 1.6 0 0; 958 1.6 0 0; 963 1.6 0 0; 966 0.8 0 0; 971 3.2 0 0; 974 1.6 0 0; 979 3.2 0 0; 982 1.6 0 0; 989 3.2 0 0; 994 3.2 0 0; 999 2.4 0 0; 1002 0.8 0 0; 1008 0.8 0 0; 1013 3.2 0 0; 1018 3.2 0 0; 1023 1.6 0 0; 1028 0.8 0 0; 1038 3.2 0 0; 1043 3.2 0 0; 1051 4.0 0 0.0; 1054 2.0 0 0; 1059 4.0 0 0; 1062 2.0 0 0; 1067 4.0 0 0; 1070 2.0 0 0; 1075 4.0 0 0; 1078 2.0 0 0; 1083 4.0 0 0; 1086 1.0 0 0; 1200 3.0 0 0.0; 
Drone 1 1 1 0 3; -5205.2 5980.0 4.953956365585327
Tasks 1 1 1 0 3; BM; 2045; 0 697; 600 674; 1200 674; 
Miss 1 1 1 0 3; 1 1 1 BM; 598; 600 308; 1200 290; 
Reward 1 1 1 0 3; 33 4.0 0 0; 36 2.0 0 0; 41 4.0 0 0; 44 2.0 0 0; 49 4.0 0 0; 52 2.0 0 0; 57 4.0 0 0; 62 4.0 0 0; 67 4.0 0 0; 72 4.0 0 0; 77 4.0 0 0; 82 4.0 0 0; 87 4.0 0 0; 92 4.0 0 0; 102 7.2 0 0; 108 0.8 0 0; 113 2.4 0 0; 118 4.0 0 0; 123 4.0 0 0; 128 0 4.0 0; 133 0 4.0 0; 138 0 4.0 0; 143 0 4.0 0; 148 0 4.0 0; 153 24.0 0 0; 156 2.0 0 0; 159 2.0 0 0; 164 0 4.0 0; 169 0 4.0 0; 174 0 4.0 0; 179 16.0 0 0; 184 4.0 0 0; 189 4.0 0 0; 192 2.0 0 0; 195 2.0 0 0; 200 4.0 0 0; 203 2.0 0 0; 206 1.2 0 0; 211 2.4 0 0; 216 4.0 0 0; 221 4.0 0 0; 226 0 4.0 0; 236 0 4.0 0; 241 0 4.0 0; 246 0 4.0 0; 251 0 4.0 0; 256 0 4.0 0; 261 0 4.0 0; 266 0 4.0 0; 271 0 4.0 0; 276 0 4.0 0; 281 0 4.0 0; 286 0 4.0 0; 291 0 4.0 0; 296 0 4.0 0; 301 0 4.0 0; 306 0 4.0 0; 311 0 4.0 0; 316 0 4.0 0; 321 0 4.0 0; 326 0 4.0 0; 331 0 4.0 0; 336 0 4.0 0; 341 0 2.0 0; 346 0 2.0 0; 351 0 2.0 0; 356 0 2.0 0; 361 0 4.0 0; 366 0 4.0 0; 371 0 4.0 0; 376 0 4.0 0; 381 0 4.0 0; 386 0 4.0 0; 391 0 4.0 0; 396 0 4.0 0; 401 0 4.0 0; 406 0 4.0 0; 411 0 4.0 0; 416 0 4.0 0; 421 0 4.0 0; 426 0 4.0 0; 431 0 4.0 0; 434 0 1.0 0; 440 0 4.0 0; 445 0 4.0 0; 450 0 4.0 0; 463 170.0 0 0; 469 2.0 0 0; 474 1.0 0 0; 479 3.0 0 0; 484 4.0 0 0; 507 4.0 0 0; 510 2.0 0 0; 515 0 4.0 0; 518 0 2.0 0; 523 0 4.0 0; 526 0 2.0 0; 532 0 1.6 0; 539 0 4.0 0; 547 0 2.4 0; 552 0 4.0 0; 557 0 4.0 0; 562 32.0 0 0; 567 4.0 0 0; 572 4.0 0 0; 575 2.0 0 0; 580 4.0 0 0; 583 2.0 0 0; 588 4.0 0 0; 591 2.0 0 0; 596 4.0 0 0; 599 2.0 0 0; 600 -3076.0 0 3080.0; 605 4.0 0 0; 610 4.0 0 0; 615 4.0 0 0; 620 4.0 0 0; 625 4.0 0 0; 630 0 4.0 0; 635 0 4.0 0; 640 0 4.0 0; 645 0 4.0 0; 650 0 4.0 0; 655 0 4.0 0; 660 0 4.0 0; 665 0 1.0 0; 670 0 4.0 0; 675 0 4.0 0; 680 0 4.0 0; 685 0 4.0 0; 690 0 4.0 0; 695 0 4.0 0; 700 0 4.0 0; 705 0 4.0 0; 710 0 4.0 0; 715 0 4.0 0; 720 0 4.0 0; 725 0 4.0 0; 730 0 4.0 0; 735 0 4.0 0; 740 0 4.0 0; 745 0 4.0 0; 750 0 4.0 0; 755 0 2.0 0; 760 0 2.0 0; 765 0 2.0 0; 770 0 2.0 0; 775 0 4.0 0; 780 0 4.0 0; 785 0 4.0 0; 790 0 4.0 0; 795 0 4.0 0; 800 0 4.0 0; 805 0 4.0 0; 810 0 4.0 0; 815 0 4.0 0; 820 0 4.0 0; 827 0 4.0 0; 832 0 4.0 0; 839 0 3.2 0; 847 0 2.4 0; 852 0 4.0 0; 857 0 4.0 0; 862 0 4.0 0; 867 0 4.0 0; 872 0 4.0 0; 877 182.6 0 0; 880 2.0 0 0; 883 2.0 0 0; 888 0 4.0 0; 893 0 4.0 0; 898 0 4.0 0; 903 0 4.0 0; 912 0 4.0 0; 917 24.0 0 0; 922 4.0 0 0; 927 4.0 0 0; 930 2.0 0 0; 933 2.0 0 0; 938 4.0 0 0; 941 2.0 0 0; 944 2.0 0 0; 949 4.0 0 0; 954 4.0 0 0; 959 4.0 0 0; 964 4.0 0 0; 969 4.0 0 0; 974 4.0 0 0; 977 2.0 0 0; 982 4.0 0 0; 985 2.0 0 0; 990 4.0 0 0; 995 4.0 0 0; 1000 4.0 0 0; 1005 2.0 0 0; 1010 1.0 0 0; 1015 2.0 0 0; 1020 4.0 0 0; 1027 0.8 0 0; 1037 0.2 0 0; 1050 0 4.0 0; 1055 0 2.4 0; 1066 0 4.8 0; 1071 0 1.6 0; 1077 0 0.8 0; 1082 0 2.4 0; 1087 20.0 0 0; 1092 4.0 0 0; 1097 4.0 0 0; 1102 4.0 0 0; 1111 4.0 0 0; 1114 2.0 0 0; 1117 2.0 0 0; 1122 3.0 0 0; 1127 2.0 0 0; 1132 2.0 0 0; 1137 4.0 0 0; 1142 4.0 0 0; 1147 4.0 0 0; 1152 4.0 0 0; 1162 3.2 0 0; 1169 0.8 0 0; 1185 6.4 0 0; 1192 0.8 0 0; 1200 -2896.0 0 2900.0; 
Drone 1 1 1 0 4; 214.39999999999972 130.0 0.32902050018310547
Tasks 1 1 1 0 4; FI; 430; 0 86; 300 86; 600 86; 900 86; 1200 86; 
Tasks 1 1 1 0 4; FT; 63; 0 4; 150 4; 300 6; 450 6; 600 6; 750 6; 900 9; 1050 11; 1200 11; 
Tasks 1 1 1 0 4; BM; 45; 0 15; 600 15; 1200 15; 
Miss 1 1 1 0 4; 1 1 1 FT; 13; 150 4; 300 0; 450 3; 600 0; 750 6; 900 0; 1050 0; 1200 0; 
Miss 1 1 1 0 4; 1 1 1 FI; 0; 300 0; 600 0; 900 0; 1200 0; 
Miss 1 1 1 0 4; 1 1 1 BM; 0; 600 0; 1200 0; 
Reward 1 1 1 0 4; 20 3.2 0 0; 23 1.6 0 0; 28 3.2 0 0; 31 1.6 0 0; 36 3.2 0 0; 39 1.6 0 0; 44 3.2 0 0; 49 3.2 0 0; 54 3.2 0 0; 59 3.2 0 0; 64 1.6 0 0; 69 0.8 0 0; 74 1.6 0 0; 79 1.6 0 0; 84 1.6 0 0; 89 1.6 0 0; 92 0.8 0 0; 97 1.6 0 0; 100 0.9 0 0; 105 1.8 0 0; 110 4.8 0 0; 113 0.4 0 0; 118 4.8 0 0; 121 0.4 0 0; 126 1.8 0 0; 129 1.6 0 0; 134 3.2 0 0; 137 0.2 0 0; 144 3.2 0 0; 147 1.6 0 0; 152 -36.8 0 40.0; 161 3.2 0 0; 166 3.2 0 0; 169 1.6 0 0; 175 1.0 0 0; 179 1.0 0 0; 184 2.0 0 0; 201 3.2 0 0; 206 1.6 0 0; 229 3.2 0 0; 300 0.8 0 0.0; 305 1.6 0 0; 310 3.2 0 0; 315 1.6 0 0; 320 1.6 0 0; 325 1.6 0 0; 330 1.6 0 0; 333 0.8 0 0; 338 1.6 0 0; 343 3.2 0 0; 348 3.2 0 0; 353 3.2 0 0; 356 1.6 0 0; 361 3.2 0 0; 366 3.2 0 0; 371 3.2 0 0; 376 3.2 0 0; 381 3.2 0 0; 384 1.6 0 0; 393 3.2 0 0; 396 1.6 0 0; 401 3.2 0 0; 406 3.2 0 0; 409 1.6 0 0; 414 3.2 0 0; 417 1.6 0 0; 426 3.2 0 0; 442 2.0 0 0; 446 1.0 0 0; 450 -28.0 0 30.0; 454 1.0 0 0; 459 2.0 0 0; 464 1.0 0 0; 481 1.6 0 0; 486 3.2 0 0; 600 1.8 0 0.0; 605 5.6 0 0; 608 0.4 0 0; 613 4.8 0 0; 616 0.4 0 0; 621 1.8 0 0; 624 1.6 0 0; 629 3.2 0 0; 632 1.6 0 0; 637 3.2 0 0; 642 3.2 0 0; 647 3.2 0 0; 652 3.2 0 0; 657 1.6 0 0; 662 0.8 0 0; 667 1.6 0 0; 672 1.6 0 0; 677 1.6 0 0; 682 1.6 0 0; 685 0.8 0 0; 690 1.6 0 0; 693 0.1 0 0; 698 1.8 0 0; 701 1.6 0 0; 706 3.2 0 0; 709 1.6 0 0; 714 3.2 0 0; 723 3.2 0 0; 728 3.2 0 0; 731 1.6 0 0; 736 3.2 0 0; 744 3.2 0 0; 747 1.6 0 0; 752 -56.8 0 60.0; 755 1.6 0 0; 763 2.0 0 0; 767 1.0 0 0; 772 2.0 0 0; 777 1.0 0 0; 794 1.6 0 0; 799 3.2 0 0; 900 0.8 0 0.0; 903 0.8 0 0; 908 1.6 0 0; 911 0.8 0 0; 916 1.6 0 0; 921 1.6 0 0; 926 1.6 0 0; 931 0.8 0 0; 936 1.6 0 0; 941 3.2 0 0; 946 3.2 0 0; 951 3.2 0 0; 956 3.2 0 0; 961 3.2 0 0; 966 3.2 0 0; 969 1.6 0 0; 974 3.2 0 0; 977 1.6 0 0; 982 3.2 0 0; 985 1.6 0 0; 990 3.2 0 0; 995 3.2 0 0; 1000 3.2 0 0; 1008 3.2 0 0; 1011 1.6 0 0; 1016 3.2 0 0; 1019 1.6 0 0; 1027 2.0 0 0; 1031 2.0 0 0; 1036 4.0 0 0; 1041 1.0 0 0; 1050 4.0 0 0.0; 1053 1.0 0 0; 1059 0.8 0 0; 1063 2.4 0 0; 1068 1.2 0 0; 1073 0.4 0 0; 1079 0.4 0 0; 1084 0.8 0 0; 1101 3.2 0 0; 1106 1.6 0 0; 1120 3.2 0 0; 1200 3.2 0 0.0; 
Drone 1 1 1 0 5; 216.19999999999985 10.0 0.1139523983001709
Tasks 1 1 1 0 5; FT; 72; 0 5; 150 6; 300 8; 450 8; 600 9; 750 9; 900 9; 1050 9; 1200 9; 
Tasks 1 1 1 0 5; FI; 255; 0 51; 300 51; 600 51; 900 51; 1200 51; 
Miss 1 1 1 0 5; 1 1 1 FT; 1; 150 1; 300 0; 450 0; 600 0; 750 0; 900 0; 1050 0; 1200 0; 
Miss 1 1 1 0 5; 1 1 1 FI; 0; 300 0; 600 0; 900 0; 1200 0; 
Reward 1 1 1 0 5; 24 2.4 0 0; 27 1.6 0 0; 32 3.2 0 0; 37 3.2 0 0; 42 3.2 0 0; 47 3.2 0 0; 52 3.2 0 0; 61 1.6 0 0; 66 1.6 0 0; 75 1.6 0 0; 94 3.2 0 0; 97 1.6 0 0; 102 3.2 0 0; 107 3.2 0 0; 112 3.2 0 0; 115 1.6 0 0; 130 0.8 0 0; 138 0.2 0 0; 146 2.0 0 0; 149 1.0 0 0; 150 -8.0 0 10.0; 153 1.0 0 0; 159 0.8 0 0; 163 0.6 0 0; 172 0.2 0 0; 178 0.2 0 0; 184 0.2 0 0; 196 1.0 0 0; 300 1.6 0 0.0; 305 1.6 0 0; 310 3.2 0 0; 315 3.2 0 0; 320 3.2 0 0; 325 3.2 0 0; 330 3.2 0 0; 333 0.8 0 0; 340 3.2 0 0; 350 1.6 0 0; 369 3.2 0 0; 372 1.6 0 0; 377 3.2 0 0; 382 3.2 0 0; 387 3.2 0 0; 390 1.6 0 0; 401 1.0 0 0; 407 0.8 0 0; 415 0.2 0 0; 423 2.0 0 0; 426 1.0 0 0; 431 2.0 0 0; 437 1.0 0 0; 453 1.0 0 0.0; 461 0.8 0 0; 467 0.2 0 0; 484 2.0 0 0; 487 1.0 0 0; 492 2.0 0 0; 497 1.0 0 0; 600 3.2 0 0.0; 605 3.2 0 0; 610 3.2 0 0; 615 3.2 0 0; 620 3.2 0 0; 625 3.2 0 0; 628 0.8 0 0; 639 1.6 0 0; 644 1.6 0 0; 649 1.6 0 0; 668 3.2 0 0; 671 1.6 0 0; 676 3.2 0 0; 681 3.2 0 0; 686 3.2 0 0; 689 1.6 0 0; 700 1.0 0 0; 706 0.8 0 0; 714 0.2 0 0; 722 2.0 0 0; 725 1.0 0 0; 730 3.0 0 0; 736 1.0 0 0; 752 1.0 0 0.0; 760 0.8 0 0; 766 0.2 0 0; 783 2.0 0 0; 786 1.0 0 0; 791 3.0 0 0; 796 1.0 0 0; 900 3.2 0 0.0; 905 3.2 0 0; 910 3.2 0 0; 915 3.2 0 0; 920 3.2 0 0; 925 3.2 0 0; 928 0.8 0 0; 939 1.6 0 0; 944 1.6 0 0; 949 1.6 0 0; 968 3.2 0 0; 971 1.6 0 0; 976 3.2 0 0; 981 3.2 0 0; 986 3.2 0 0; 989 1.6 0 0; 1000 1.0 0 0; 1006 0.8 0 0; 1014 0.2 0 0; 1022 2.0 0 0; 1025 1.0 0 0; 1030 3.0 0 0; 1036 1.0 0 0; 1052 1.0 0 0.0; 1060 0.8 0 0; 1066 0.2 0 0; 1083 2.0 0 0; 1086 1.0 0 0; 1091 3.0 0 0; 1096 1.0 0 0; 1200 1.0 0 0.0; 
Sum 1 1 2 0 2712.5999999999995 290.0 1.9398596286773682 0.5793670415878296 0.2551755905151367
Drone 1 1 2 0 0; 341.20000000000016 10.0 0.10637187957763672
Tasks 1 1 2 0 0; FT; 373; 0 31; 150 31; 300 32; 450 32; 600 48; 750 49; 900 50; 1050 50; 1200 50; 
Tasks 1 1 2 0 0; FI; 40; 0 8; 300 8; 600 8; 900 8; 1200 8; 
Tasks 1 1 2 0 0; BM; 33; 0 13; 600 10; 1200 10; 
Miss 1 1 2 0 0; 1 1 2 FT; 1; 150 1; 300 0; 450 0; 600 0; 750 0; 900 0; 1050 0; 1200 0; 
Miss 1 1 2 0 0; 1 1 2 FI; 0; 300 0; 600 0; 900 0; 1200 0; 
Miss 1 1 2 0 0; 1 1 2 BM; 0; 600 0; 1200 0; 
Reward 1 1 2 0 0; 39 6.4 0 0; 46 4.8 0 0; 55 6.4 0 0; 64 6.4 0 0; 90 7.8 0 0; 106 3.2 0 0; 109 1.6 0 0; 116 2.0 0 0; 122 1.4 0 0; 155 -3.6 0 10.0; 164 6.4 0 0; 181 6.4 0 0; 188 4.8 0 0; 193 0.8 0 0; 198 0.8 0 0; 201 0.4 0 0; 206 0.8 0 0; 211 0.8 0 0; 216 0.8 0 0; 221 0.8 0 0; 226 0.8 0 0; 231 0.8 0 0; 250 1.2 0 0; 253 0.2 0 0; 300 4.8 0 0.0; 310 6.4 0 0; 319 6.4 0 0; 328 6.4 0 0; 348 3.2 0 0; 351 1.6 0 0; 356 1.6 0 0; 363 0.4 0 0; 368 0.2 0 0; 416 1.6 0 0; 419 0.8 0 0; 424 0.8 0 0; 453 6.4 0 0.0; 462 6.4 0 0; 471 6.4 0 0; 478 4.8 0 0; 483 1.6 0 0; 489 0.8 0 0; 492 0.4 0 0; 497 0.8 0 0; 502 0.8 0 0; 507 0.8 0 0; 512 0.8 0 0; 517 0.8 0 0; 522 0.8 0 0; 553 0.4 0 0; 605 6.0 0 0.0; 631 9.6 0 0; 640 9.6 0 0; 649 9.6 0 0; 656 7.2 0 0; 661 2.4 0 0; 666 0.8 0 0; 670 0.6 0 0; 675 0.8 0 0; 680 0.8 0 0; 685 0.8 0 0; 690 0.8 0 0; 695 0.8 0 0; 715 3.2 0 0; 718 1.6 0 0; 723 1.6 0 0; 755 9.6 0 0.0; 764 9.6 0 0; 781 9.6 0 0; 788 7.2 0 0; 793 3.2 0 0; 798 0.8 0 0; 802 0.6 0 0; 807 0.8 0 0; 812 0.8 0 0; 817 0.8 0 0; 822 0.8 0 0; 827 0.8 0 0; 832 0.8 0 0; 835 0.4 0 0; 840 0.4 0 0; 845 0.4 0 0; 850 0.4 0 0; 855 0.4 0 0; 860 0.4 0 0; 871 0.6 0 0; 901 9.6 0 0.0; 910 9.6 0 0; 919 9.6 0 0; 926 7.2 0 0; 931 4.0 0 0; 936 0.8 0 0; 940 0.6 0 0; 945 0.8 0 0; 950 0.8 0 0; 955 0.8 0 0; 960 0.8 0 0; 965 0.8 0 0; 985 3.2 0 0; 988 1.6 0 0; 993 1.6 0 0; 999 1.2 0 0; 1005 1.2 0 0; 1051 8.8 0 0.0; 1056 4.8 0 0; 1063 7.2 0 0; 1072 9.6 0 0; 1081 9.6 0 0; 1086 0.8 0 0; 1091 0.8 0 0; 1096 0.8 0 0; 1101 0.8 0 0; 1106 0.8 0 0; 1111 0.8 0 0; 1116 0.8 0 0; 1120 0.6 0 0; 1125 0.8 0 0; 1128 0.2 0 0; 1133 0.2 0 0; 1140 0.4 0 0; 1145 0.4 0 0; 1150 0.4 0 0; 1155 0.4 0 0; 1160 0.4 0 0; 1165 0.4 0 0; 1189 0.4 0 0; 1194 0.2 0 0; 1200 3.6 0 0.0; 
Drone 1 1 2 0 1; 715.1999999999999 0.0 1.1338472366333008
Tasks 1 1 2 0 1; BM; 1207; 0 413; 600 397; 1200 397; 
Miss 1 1 2 0 1; 1 1 2 BM; 0; 600 0; 1200 0; 
Reward 1 1 2 0 1; 31 49.2 0 0; 58 65.4 0 0; 83 0 93.6 0; 94 0 21.6 0; 105 0 12.0 0; 129 0 11.0 0; 140 143.2 0 0; 151 5.0 0 0; 162 5.0 0 0; 173 5.0 0 0; 184 0 5.0 0; 195 0 5.0 0; 206 0 5.0 0; 217 0 5.0 0; 228 0 5.0 0; 239 0 5.0 0; 271 34.8 0 0; 282 3.2 0 0; 293 4.8 0 0; 304 5.0 0 0; 315 4.2 0 0; 323 1.2 0 0; 326 0.6 0 0; 332 0.8 0 0; 337 0.8 0 0; 342 0.8 0 0; 351 0.8 0 0; 356 0.8 0 0; 361 0.8 0 0; 366 0.8 0 0; 371 0.8 0 0; 376 0.8 0 0; 381 0.8 0 0; 386 0.8 0 0; 391 0.8 0 0; 396 0.8 0 0; 401 0.8 0 0; 429 3.0 0 0; 435 0.8 0 0; 440 0.8 0 0; 445 0.8 0 0; 450 0.8 0 0; 455 0.8 0 0; 460 0.8 0 0; 465 0.8 0 0; 470 0.8 0 0; 475 0.8 0 0; 480 0.8 0 0; 490 0.8 0 0; 495 0.8 0 0; 498 0.4 0 0; 509 0.8 0 0; 514 0.8 0 0; 519 0.8 0 0; 524 0.8 0 0; 529 0.8 0 0; 534 0.8 0 0; 539 0.8 0 0; 544 0.8 0 0; 549 0 0.8 0; 554 0 0.8 0; 559 0 0.8 0; 564 0 0.8 0; 569 0 0.8 0; 574 0 0.8 0; 579 0 0.8 0; 599 5.6 0 0; 621 0.0 101.4 0.0; 646 151.8 0 0; 673 46.8 0 0; 735 0 24.6 0; 746 0 9.0 0; 772 0 11.0 0; 783 49.6 0 0; 794 5.0 0 0; 805 5.0 0 0; 816 5.0 0 0; 827 0 5.0 0; 838 0 5.0 0; 849 0 5.0 0; 860 0 5.0 0; 871 0 5.0 0; 882 0 5.0 0; 888 0 0.8 0; 893 0 0.8 0; 898 0 0.8 0; 903 0 0.8 0; 908 0 0.8 0; 913 0 0.8 0; 918 0 0.8 0; 923 0 0.8 0; 928 0 0.8 0; 933 0 0.8 0; 938 0 0.8 0; 947 0 0.8 0; 952 0 0.8 0; 957 0 0.8 0; 962 0 0.8 0; 967 0 0.8 0; 972 0 0.8 0; 977 0 0.8 0; 982 0 0.8 0; 987 0 0.8 0; 992 0 0.8 0; 997 0 0.8 0; 1002 0 0.8 0; 1007 0 0.8 0; 1012 0 0.8 0; 1017 0 0.8 0; 1054 54.8 0 0; 1075 4.6 0 0; 1086 5.0 0 0; 1097 4.2 0 0; 1105 1.2 0 0; 1108 0.6 0 0; 1113 0.8 0 0; 1118 0.8 0 0; 1123 0.8 0 0; 1132 0.8 0 0; 1137 0.8 0 0; 1142 0.8 0 0; 1147 0.8 0 0; 1152 0.8 0 0; 1157 0.8 0 0; 1162 0.8 0 0; 1167 0.8 0 0; 1176 1.6 0 0; 1181 1.6 0 0; 1186 1.2 0 0; 1191 0.8 0 0; 1196 0.8 0 0; 1200 4.0 0 0.0; 
Drone 1 1 2 0 2; 326.8 10.0 0.12265896797180176
Tasks 1 1 2 0 2; FT; 200; 0 10; 150 17; 300 19; 450 19; 600 20; 750 28; 900 29; 1050 29; 1200 29; 
Tasks 1 1 2 0 2; FI; 270; 0 54; 300 54; 600 54; 900 54; 1200 54; 
Miss 1 1 2 0 2; 1 1 2 FT; 1; 150 1; 300 0; 450 0; 600 0; 750 0; 900 0; 1050 0; 1200 0; 
Miss 1 1 2 0 2; 1 1 2 FI; 0; 300 0; 600 0; 900 0; 1200 0; 
Reward 1 1 2 0 2; 40 3.2 0 0; 45 3.2 0 0; 48 1.6 0 0; 53 3.2 0 0; 58 3.2 0 0; 63 3.2 0 0; 68 3.2 0 0; 73 3.6 0 0; 78 3.6 0 0; 83 3.2 0 0; 88 3.2 0 0; 95 2.4 0 0; 98 0.8 0 0; 115 2.8 0 0; 121 2.0 0 0; 126 1.0 0 0; 137 1.6 0 0; 150 -3.6 0 10.0; 159 6.4 0 0; 165 0.8 0 0; 170 1.0 0 0; 179 0.8 0 0; 184 0.8 0 0; 193 1.6 0 0; 198 1.6 0 0; 201 0.8 0 0; 211 1.6 0 0; 224 0.8 0 0; 231 0.8 0 0; 245 0.8 0 0; 300 2.4 0 0.0; 309 6.4 0 0; 318 6.4 0 0; 330 3.2 0 0; 335 3.2 0 0; 340 3.2 0 0; 345 3.2 0 0; 350 3.2 0 0; 355 3.2 0 0; 360 3.2 0 0; 370 3.2 0 0; 377 2.4 0 0; 380 0.8 0 0; 385 0.8 0 0; 395 1.6 0 0; 402 2.0 0 0; 407 2.0 0 0; 412 1.6 0 0; 417 1.6 0 0; 422 1.6 0 0; 427 1.6 0 0; 452 6.4 0 0.0; 461 6.4 0 0; 477 3.0 0 0; 482 0.8 0 0; 488 1.2 0 0; 494 0.8 0 0; 