Start 4 1 5
Add 0 0 FT 16
Add 0 0 BM 345
Add 0 0 FI 4
Reward 0 75.69832662114996 0 6.4 0
Reward 0 94.8090968974248 0 13.0 0
Reward 0 100.28123285242438 0 12.2 0
Reward 0 109.28123285242438 0 14.0 0
Reward 0 117.49233540335236 0 14.2 0
Reward 0 124.89233540335236 0 1.6 0
Reward 0 131.463690714226 0 4.2 0
Reward 0 138.12054496371837 0 7.2 0
Reward 0 149.17042058483926 47.8 0 0
Add 0 178.84863531309597 150.0 ('FT', 0) 21
Miss 0 178.84863531309597 ('FT', 0) 150.0 0
Reward 0 178.84863531309597 0.0 3.8 0.0
Reward 0 189.55224288966252 0 8.4 0
Reward 0 201.32257250393153 0 6.0 0
Reward 0 220.43334278020637 0 3.0 0
Reward 0 239.5441130564812 0 3.0 0
Reward 0 251.03982646720274 0 2.0 0
Reward 0 269.73615376978165 0 17.4 0
Reward 0 281.5064833840507 0 27.0 0
Reward 0 295.61525907058984 68.8 0 0
Add 0 307.19070232371166 300.0 ('FT', 0) 28
Miss 0 307.19070232371166 ('FT', 0) 300.0 0
Add 0 307.19070232371166 300 ('FI', 0) 4
Miss 0 307.19070232371166 ('FI', 0) 300 1
Reward 0 307.19070232371166 -10.0 16.2 10.0
Reward 0 317.30113590285595 0 3.6 0
Reward 0 328.49917493004153 0 1.8 0
Reward 0 336.7102774809695 0 1.8 0
Reward 0 355.82104775724434 0 6.0 0
Reward 0 365.06725900847965 0 4.2 0
Reward 0 376.8375886227487 0 3.6 0
Reward 0 383.7536684058483 0 14.4 0
Reward 0 404.7536684058483 0 38.4 0
Reward 0 409.7536684058483 0 9.6 0
Reward 0 424.89580402957927 0 18.6 0
Reward 0 438.0629729689834 0 0.6 0
Reward 0 447.8379373563755 114.6 0 0
Add 0 471.95156969748535 450.0 ('FT', 0) 33
Miss 0 471.95156969748535 ('FT', 0) 450.0 0
Reward 0 471.95156969748535 0.0 10.8 0.0
Reward 0 489.44399219995597 0 6.6 0
Reward 0 499.10424623780034 0 9.0 0
Reward 0 508.35045748903565 0 4.2 0
Reward 0 527.4612277653105 0 3.6 0
Reward 0 537.5716613444548 0 1.8 0
Reward 0 557.439623608568 0 3.0 0
Reward 0 580.7070886641148 39.0 0 0
Reward 0 592.3860399234849 1.8 0 0
Reward 0 597.8581758784844 1.4 0 0
Hover 0 598.8581758784844
Hover 0 599.8581758784844
Add 0 600.8581758784844 600.0 ('FT', 0) 41
Miss 0 600.8581758784844 ('FT', 0) 600.0 5
Add 0 600.8581758784844 600 ('BM', 0) 306
Miss 0 600.8581758784844 ('BM', 0) 600 2
Add 0 600.8581758784844 600.0 ('FI', 0) 4
Miss 0 600.8581758784844 ('FI', 0) 600.0 4
Reward 0 600.8581758784844 -102.8 0 110.0
Reward 0 624.8364264646366 0 13.2 0
Reward 0 636.0344654918222 0 14.4 0
Reward 0 644.2455680427502 0 1.8 0
Reward 0 663.356338319025 0 6.6 0
Reward 0 672.6025495702603 0 9.6 0
Reward 0 684.3728791845293 0 10.8 0
Reward 0 695.0764867610959 0 2.0 0
Reward 0 706.8468163753649 0 2.0 0
Reward 0 716.0930276266002 0 2.2 0
Reward 0 737.0930276266002 0 2.0 0
Reward 0 749.4085037544528 64.4 0 0
Add 0 770.8789702855312 750.0 ('FT', 0) 45
Miss 0 770.8789702855312 ('FT', 0) 750.0 0
Reward 0 770.8789702855312 0.0 14.4 0.0
Reward 0 778.4364088098332 0 1.8 0
Reward 0 789.6344478370188 0 1.8 0
Reward 0 797.8455503879468 0 1.8 0
Reward 0 816.9563206642216 0 7.2 0
Reward 0 826.2025319154569 0 9.0 0
Reward 0 837.972861529726 0 5.4 0
Reward 0 844.8889413128255 0 21.6 0
Reward 0 851.545795562318 0 15.6 0
Reward 0 863.316125176587 0 15.0 0
Reward 0 874.316125176587 0 15.0 0
Reward 0 881.6406804969238 108.6 0 0
Add 0 902.6406804969238 900.0 ('FT', 0) 54
Miss 0 902.6406804969238 ('FT', 0) 900.0 0
Add 0 902.6406804969238 900.0 ('FI', 0) 4
Miss 0 902.6406804969238 ('FI', 0) 900.0 0
Reward 0 902.6406804969238 0.0 33.0 0.0
Reward 0 927.3683015323331 0 7.2 0
Reward 0 939.1386311466022 0 2.4 0
Reward 0 950.3366701737878 0 2.4 0
Reward 0 958.5477727247157 0 1.8 0
Reward 0 977.6585430009906 0 8.4 0
Reward 0 986.9047542522259 0 10.2 0
Reward 0 993.1009066749325 0 9.0 0
Reward 0 1016.4615864499305 0 10.8 0
Reward 0 1029.123490239621 0 6.0 0
Reward 0 1046.489308276004 91.2 0 0
Add 0 1069.756773331551 1050.0 ('FT', 0) 58
Miss 0 1069.756773331551 ('FT', 0) 1050.0 0
Reward 0 1069.756773331551 0.0 3.0 0.0
Reward 0 1104.267965491783 0 12.6 0
Reward 0 1116.038295106052 0 8.4 0
Reward 0 1135.1490653823269 0 6.0 0
Reward 0 1154.5881542969125 0 3.6 0
Reward 0 1165.7861933240981 0 2.4 0
Reward 0 1173.997295875026 0 1.8 0
Reward 0 1185.4930092857476 0 2.0 0
Reward 0 1197.8084854136 39.8 0 0
Hover 0 1198.8084854136
Hover 0 1199.8084854136
Add 0 1200.8084854136 1200.0 ('FT', 0) 58
Miss 0 1200.8084854136 ('FT', 0) 1200.0 0
Add 0 1200.8084854136 1200.0 ('BM', 0) 306
Miss 0 1200.8084854136 ('BM', 0) 1200.0 5
Add 0 1200.8084854136 1200.0 ('FI', 0) 4
Miss 0 1200.8084854136 ('FI', 0) 1200.0 3
Reward 0 1200.8084854136 -80.0 0 80.0
Time 0 0.5714056491851807
Total 0 384.59999999999997 200.0 91 [(0, 0, 0), (27.0, 25.0, 64.0), (36.0, 24.0, 64.0), (37.0, 22.0, 64.0), (37.0, 18.0, 64.0), (35.0, 15.0, 64.0), (35.0, 15.0, 32.0), (34.0, 14.0, 56.0), (32.0, 12.0, 56.0), (28, 9, 51), (37.0, 20.0, 32.0), (37.5, 20.5, 80.0), (35.5, 15.5, 80.0), (36.5, 24.5, 80.0), (27.5, 25.5, 80.0), (26.0, 24.0, 32.0), (31.0, 24.0, 105.0), (29.0, 19.0, 105.0), (24, 15, 91), (29.0, 14.0, 105.0), (30.5, 17.5, 80.0), (29.5, 22.5, 80.0), (27.5, 25.5, 80.0), (36.5, 24.5, 80.0), (37.5, 20.5, 80.0), (35.5, 15.5, 80.0), (36.0, 14.0, 105.0), (36.0, 4.0, 105.0), (34.0, 4.0, 105.0), (29.0, 9.0, 105.0), (32.0, 7.0, 56.0), (28, 8, 71), (39.0, 9.0, 105.0), (37.0, 17.0, 105.0), (37.5, 20.5, 80.0), (36.5, 24.5, 80.0), (35.5, 15.5, 80.0), (34.0, 12.0, 105.0), (39.0, 4.0, 105.0), (28, 5, 91), (28.5, 6.5, 40.0), (26.5, 7.5, 40.0), (26.5, 7.5, 40.0), (26.5, 7.5, 40.0), (26.5, 7.5, 40.0), (30.5, 17.5, 80.0), (29.5, 22.5, 80.0), (27.5, 25.5, 80.0), (36.5, 24.5, 80.0), (37.5, 20.5, 80.0), (35.5, 15.5, 80.0), (35.0, 15.0, 32.0), (37.0, 20.0, 32.0), (36.0, 24.0, 32.0), (26.0, 24.0, 32.0), (22, 20, 31), (29.0, 19.0, 105.0), (30.5, 17.5, 80.0), (29.5, 22.5, 80.0), (27.5, 25.5, 80.0), (36.5, 24.5, 80.0), (37.5, 20.5, 80.0), (35.5, 15.5, 80.0), (36.0, 14.0, 105.0), (34.0, 12.0, 105.0), (29.0, 14.0, 105.0), (29.0, 9.0, 105.0), (26, 10, 105), (34.0, 4.0, 105.0), (35.5, 15.5, 80.0), (30.5, 17.5, 80.0), (29.5, 22.5, 80.0), (27.5, 25.5, 80.0), (36.5, 24.5, 80.0), (37.5, 20.5, 80.0), (37.0, 20.0, 105.0), (39.0, 9.0, 105.0), (36.0, 4.0, 105.0), (28, 5, 91), (39.0, 4.0, 105.0), (37.5, 20.5, 80.0), (35.5, 15.5, 80.0), (36.5, 24.5, 80.0), (30.5, 17.5, 80.0), (29.5, 22.5, 80.0), (27.5, 25.5, 80.0), (26.0, 24.0, 32.0), (22, 20, 31), (22, 20, 31), (22, 20, 31), (22, 20, 31)]
Add 1 0 BM 150
Reward 1 32.232432915661946 69.0 0 0
Reward 1 60.232432915661946 0 21.0 0
Reward 1 70.73184466001226 21.0 0 0
Reward 1 82.82342530924655 5.0 0 0
Reward 1 94.82342530924655 5.0 0 0
Reward 1 106.82342530924655 5.0 0 0
Reward 1 118.82342530924655 5.0 0 0
Reward 1 130.82342530924655 5.0 0 0
Reward 1 142.82342530924655 5.0 0 0
Reward 1 149.82742371052527 0.8 0 0
Reward 1 155.82742371052527 0.8 0 0
Reward 1 161.82742371052527 0.8 0 0
Reward 1 167.82742371052527 0.8 0 0
Reward 1 173.82742371052527 0.8 0 0
Reward 1 179.82742371052527 0.8 0 0
Reward 1 185.82742371052527 0.8 0 0
Reward 1 191.82742371052527 0.8 0 0
Reward 1 197.82742371052527 0.8 0 0
Reward 1 203.82742371052527 0.8 0 0
Reward 1 209.82742371052527 0.8 0 0
Reward 1 215.82742371052527 0.8 0 0
Reward 1 221.82742371052527 0.8 0 0
Reward 1 227.82742371052527 0.8 0 0
Reward 1 233.82742371052527 0.8 0 0
Reward 1 239.82742371052527 0.8 0 0
Reward 1 245.82742371052527 0.8 0 0
Reward 1 251.82742371052527 0.8 0 0
Reward 1 262.77169562052444 0.8 0 0
Reward 1 270.4285498700168 0.8 0 0
Reward 1 276.4285498700168 0.8 0 0
Reward 1 286.4285498700168 0.8 0 0
Reward 1 292.4285498700168 0.8 0 0
Reward 1 307.07766051069035 0.8 0 0
Reward 1 313.07766051069035 0.8 0 0
Reward 1 319.07766051069035 0.8 0 0
Reward 1 325.07766051069035 0.8 0 0
Reward 1 331.07766051069035 0.8 0 0
Reward 1 337.07766051069035 0.8 0 0
Reward 1 343.07766051069035 0.8 0 0
Reward 1 349.07766051069035 0.8 0 0
Reward 1 360.0219324206895 0.8 0 0
Reward 1 366.0219324206895 0.8 0 0
Reward 1 392.0219324206895 0.8 0 0
Reward 1 398.0219324206895 0.8 0 0
Reward 1 404.0219324206895 0.4 0 0
Reward 1 410.0219324206895 0.4 0 0
Reward 1 416.0219324206895 0.4 0 0
Reward 1 422.0219324206895 0.4 0 0
Reward 1 428.0219324206895 0.4 0 0
Hover 1 430.0219324206895
Hover 1 432.0219324206895
Hover 1 434.0219324206895
Hover 1 436.0219324206895
Hover 1 438.0219324206895
Hover 1 440.0219324206895
Hover 1 442.0219324206895
Hover 1 444.0219324206895
Hover 1 446.0219324206895
Hover 1 448.0219324206895
Hover 1 450.0219324206895
Hover 1 452.0219324206895
Hover 1 454.0219324206895
Hover 1 456.0219324206895
Hover 1 458.0219324206895
Hover 1 460.0219324206895
Hover 1 462.0219324206895
Hover 1 464.0219324206895
Hover 1 466.0219324206895
Hover 1 468.0219324206895
Hover 1 470.0219324206895
Hover 1 472.0219324206895
Hover 1 474.0219324206895
Hover 1 476.0219324206895
Hover 1 478.0219324206895
Hover 1 480.0219324206895
Hover 1 482.0219324206895
Hover 1 484.0219324206895
Hover 1 486.0219324206895
Hover 1 488.0219324206895
Hover 1 490.0219324206895
Hover 1 492.0219324206895
Hover 1 494.0219324206895
Hover 1 496.0219324206895
Hover 1 498.0219324206895
Hover 1 500.0219324206895
Hover 1 502.0219324206895
Hover 1 504.0219324206895
Hover 1 506.0219324206895
Hover 1 508.0219324206895
Hover 1 510.0219324206895
Hover 1 512.0219324206895
Hover 1 514.0219324206895
Hover 1 516.0219324206895
Hover 1 518.0219324206895
Hover 1 520.0219324206895
Hover 1 522.0219324206895
Hover 1 524.0219324206895
Hover 1 526.0219324206895
Hover 1 528.0219324206895
Hover 1 530.0219324206895
Hover 1 532.0219324206895
Hover 1 534.0219324206895
Hover 1 536.0219324206895
Hover 1 538.0219324206895
Hover 1 540.0219324206895
Hover 1 542.0219324206895
Hover 1 544.0219324206895
Hover 1 546.0219324206895
Hover 1 548.0219324206895
Hover 1 550.0219324206895
Hover 1 552.0219324206895
Hover 1 554.0219324206895
Hover 1 556.0219324206895
Hover 1 558.0219324206895
Hover 1 560.0219324206895
Hover 1 562.0219324206895
Hover 1 564.0219324206895
Hover 1 566.0219324206895
Hover 1 568.0219324206895
Hover 1 570.0219324206895
Hover 1 572.0219324206895
Hover 1 574.0219324206895
Hover 1 576.0219324206895
Hover 1 578.0219324206895
Hover 1 580.0219324206895
Hover 1 582.0219324206895
Hover 1 584.0219324206895
Hover 1 586.0219324206895
Hover 1 588.0219324206895
Hover 1 590.0219324206895
Hover 1 592.0219324206895
Hover 1 594.0219324206895
Hover 1 596.0219324206895
Hover 1 598.0219324206895
Add 1 600.0219324206895 600 ('BM', 0) 150
Miss 1 600.0219324206895 ('BM', 0) 600 0
Reward 1 600.0219324206895 2.0 0 0.0
Reward 1 623.0799475218333 67.8 0 0
Reward 1 651.0799475218333 0 21.0 0
Reward 1 661.5793592661837 21.0 0 0
Reward 1 673.670939915418 5.0 0 0
Reward 1 685.670939915418 4.6 0 0
Reward 1 697.670939915418 5.0 0 0
Reward 1 709.670939915418 5.0 0 0
Reward 1 721.670939915418 5.0 0 0
Reward 1 733.670939915418 5.0 0 0
Reward 1 740.6749383166967 0.8 0 0
Reward 1 746.6749383166967 0.8 0 0
Reward 1 752.6749383166967 0.8 0 0
Reward 1 758.6749383166967 0.8 0 0
Reward 1 764.6749383166967 0.8 0 0
Reward 1 770.6749383166967 0.8 0 0
Reward 1 776.6749383166967 0.8 0 0
Reward 1 782.6749383166967 0.8 0 0
Reward 1 788.6749383166967 0.8 0 0
Reward 1 794.6749383166967 0.8 0 0
Reward 1 800.6749383166967 0.8 0 0
Reward 1 806.6749383166967 0.8 0 0
Reward 1 812.6749383166967 0.8 0 0
Reward 1 818.6749383166967 0.8 0 0
Reward 1 824.6749383166967 0.8 0 0
Reward 1 830.6749383166967 0.8 0 0
Reward 1 836.6749383166967 0.8 0 0
Reward 1 842.6749383166967 0.8 0 0
Reward 1 853.6192102266959 0.8 0 0
Reward 1 861.2760644761884 0.8 0 0
Reward 1 867.2760644761884 0.8 0 0
Reward 1 877.2760644761884 0.8 0 0
Reward 1 883.2760644761884 0.8 0 0
Reward 1 897.9251751168619 0.8 0 0
Reward 1 903.9251751168619 0.8 0 0
Reward 1 909.9251751168619 0.8 0 0
Reward 1 915.9251751168619 0.8 0 0
Reward 1 921.9251751168619 0.8 0 0
Reward 1 927.9251751168619 0.8 0 0
Reward 1 933.9251751168619 0.8 0 0
Reward 1 939.9251751168619 0.8 0 0
Reward 1 950.869447026861 0.8 0 0
Reward 1 956.869447026861 0.8 0 0
Reward 1 982.869447026861 0.8 0 0
Reward 1 988.869447026861 0.8 0 0
Reward 1 994.869447026861 0.4 0 0
Reward 1 1000.869447026861 0.4 0 0
Reward 1 1006.869447026861 0.4 0 0
Reward 1 1012.869447026861 0.4 0 0
Hover 1 1014.869447026861
Hover 1 1016.869447026861
Hover 1 1018.869447026861
Hover 1 1020.869447026861
Hover 1 1022.869447026861
Hover 1 1024.869447026861
Hover 1 1026.869447026861
Hover 1 1028.869447026861
Hover 1 1030.869447026861
Hover 1 1032.869447026861
Hover 1 1034.869447026861
Hover 1 1036.869447026861
Hover 1 1038.869447026861
Hover 1 1040.869447026861
Hover 1 1042.869447026861
Hover 1 1044.869447026861
Hover 1 1046.869447026861
Hover 1 1048.869447026861
Hover 1 1050.869447026861
Hover 1 1052.869447026861
Hover 1 1054.869447026861
Hover 1 1056.869447026861
Hover 1 1058.869447026861
Hover 1 1060.869447026861
Hover 1 1062.869447026861
Hover 1 1064.869447026861
Hover 1 1066.869447026861
Hover 1 1068.869447026861
Hover 1 1070.869447026861
Hover 1 1072.869447026861
Hover 1 1074.869447026861
Hover 1 1076.869447026861
Hover 1 1078.869447026861
Hover 1 1080.869447026861
Hover 1 1082.869447026861
Hover 1 1084.869447026861
Hover 1 1086.869447026861
Hover 1 1088.869447026861
Hover 1 1090.869447026861
Hover 1 1092.869447026861
Hover 1 1094.869447026861
Hover 1 1096.869447026861
Hover 1 1098.869447026861
Hover 1 1100.869447026861
Hover 1 1102.869447026861
Hover 1 1104.869447026861
Hover 1 1106.869447026861
Hover 1 1108.869447026861
Hover 1 1110.869447026861
Hover 1 1112.869447026861
Hover 1 1114.869447026861
Hover 1 1116.869447026861
Hover 1 1118.869447026861
Hover 1 1120.869447026861
Hover 1 1122.869447026861
Hover 1 1124.869447026861
Hover 1 1126.869447026861
Hover 1 1128.869447026861
Hover 1 1130.869447026861
Hover 1 1132.869447026861
Hover 1 1134.869447026861
Hover 1 1136.869447026861
Hover 1 1138.869447026861
Hover 1 1140.869447026861
Hover 1 1142.869447026861
Hover 1 1144.869447026861
Hover 1 1146.869447026861
Hover 1 1148.869447026861
Hover 1 1150.869447026861
Hover 1 1152.869447026861
Hover 1 1154.869447026861
Hover 1 1156.869447026861
Hover 1 1158.869447026861
Hover 1 1160.869447026861
Hover 1 1162.869447026861
Hover 1 1164.869447026861
Hover 1 1166.869447026861
Hover 1 1168.869447026861
Hover 1 1170.869447026861
Hover 1 1172.869447026861
Hover 1 1174.869447026861
Hover 1 1176.869447026861
Hover 1 1178.869447026861
Hover 1 1180.869447026861
Hover 1 1182.869447026861
Hover 1 1184.869447026861
Hover 1 1186.869447026861
Hover 1 1188.869447026861
Hover 1 1190.869447026861
Hover 1 1192.869447026861
Hover 1 1194.869447026861
Hover 1 1196.869447026861
Hover 1 1198.869447026861
Add 1 1200.869447026861 1200.0 ('BM', 0) 150
Miss 1 1200.869447026861 ('BM', 0) 1200.0 0
Reward 1 1200.869447026861 2.0 0 0.0
Time 1 0.8895769119262695
Total 1 302.0000000000006 0.0 278 [(0, 0, 0), (6.5, 6.5, 120), (6.5, 19.5, 120), (6, 17, 86), (2.5, 17.5, 50.0), (2.5, 12.5, 50.0), (2.5, 7.5, 50.0), (7.5, 7.5, 50.0), (7.5, 2.5, 50.0), (2.5, 2.5, 50.0), (3.0, 3.0, 26.0), (5.0, 3.0, 26.0), (5.0, 1.0, 26.0), (7.0, 1.0, 26.0), (9.0, 1.0, 26.0), (9.0, 3.0, 26.0), (9.0, 5.0, 26.0), (7.0, 5.0, 26.0), (7.0, 7.0, 26.0), (7.0, 9.0, 26.0), (5.0, 9.0, 26.0), (3.0, 9.0, 26.0), (3.0, 7.0, 26.0), (3.0, 5.0, 26.0), (1.0, 5.0, 26.0), (1.0, 3.0, 26.0), (1.0, 1.0, 26.0), (3.0, 1.0, 26.0), (7.0, 3.0, 26.0), (5.0, 5.0, 26.0), (5.0, 7.0, 26.0), (9.0, 7.0, 26.0), (9.0, 9.0, 26.0), (3.0, 11.0, 26.0), (1.0, 11.0, 26.0), (1.0, 13.0, 26.0), (1.0, 15.0, 26.0), (1.0, 17.0, 26.0), (3.0, 17.0, 26.0), (3.0, 15.0, 26.0), (3.0, 13.0, 26.0), (1.0, 9.0, 26.0), (1.0, 7.0, 26.0), (1.0, 19.0, 26.0), (3.0, 19.0, 26.0), (5.0, 19.0, 26.0), (5.0, 17.0, 26.0), (5.0, 15.0, 26.0), (5.0, 13.0, 26.0), (5.0, 11.0, 26.0), (5.0, 11.0, 26.0), (5.0, 11.0, 26.0), (5.0, 11.0, 26.0), (5.0, 11.0, 26.0), (5.0, 11.0, 26.0), (5.0, 11.0, 26.0), (5.0, 11.0, 26.0), (5.0, 11.0, 26.0), (5.0, 11.0, 26.0), (5.0, 11.0, 26.0), (5.0, 11.0, 26.0), (5.0, 11.0, 26.0), (5.0, 11.0, 26.0), (5.0, 11.0, 26.0), (5.0, 11.0, 26.0), (5.0, 11.0, 26.0), (5.0, 11.0, 26.0), (5.0, 11.0, 26.0), (5.0, 11.0, 26.0), (5.0, 11.0, 26.0), (5.0, 11.0, 26.0), (5.0, 11.0, 26.0), (5.0, 11.0, 26.0), (5.0, 11.0, 26.0), (5.0, 11.0, 26.0), (5.0, 11.0, 26.0), (5.0, 11.0, 26.0), (5.0, 11.0, 26.0), (5.0, 11.0, 26.0), (5.0, 11.0, 26.0), (5.0, 11.0, 26.0), (5.0, 11.0, 26.0), (5.0, 11.0, 26.0), (5.0, 11.0, 26.0), (5.0, 11.0, 26.0), (5.0, 11.0, 26.0), (5.0, 11.0, 26.0), (5.0, 11.0, 26.0), (5.0, 11.0, 26.0), (5.0, 11.0, 26.0), (5.0, 11.0, 26.0), (5.0, 11.0, 26.0), (5.0, 11.0, 26.0), (5.0, 11.0, 26.0), (5.0, 11.0, 26.0), (5.0, 11.0, 26.0), (5.0, 11.0, 26.0), (5.0, 11.0, 26.0), (5.0, 11.0, 26.0), (5.0, 11.0, 26.0), (5.0, 11.0, 26.0), (5.0, 11.0, 26.0), (5.0, 11.0, 26.0), (5.0, 11.0, 26.0), (5.0, 11.0, 26.0), (5.0, 11.0, 26.0), (5.0, 11.0, 26.0), (5.0, 11.0, 26.0), (5.0, 11.0, 26.0), (5.0, 11.0, 26.0), (5.0, 11.0, 26.0), (5.0, 11.0, 26.0), (5.0, 11.0, 26.0), (5.0, 11.0, 26.0), (5.0, 11.0, 26.0), (5.0, 11.0, 26.0), (5.0, 11.0, 26.0), (5.0, 11.0, 26.0), (5.0, 11.0, 26.0), (5.0, 11.0, 26.0), (5.0, 11.0, 26.0), (5.0, 11.0, 26.0), (5.0, 11.0, 26.0), (5.0, 11.0, 26.0), (5.0, 11.0, 26.0), (5.0, 11.0, 26.0), (5.0, 11.0, 26.0), (5.0, 11.0, 26.0), (5.0, 11.0, 26.0), (5.0, 11.0, 26.0), (5.0, 11.0, 26.0), (5.0, 11.0, 26.0), (5.0, 11.0, 26.0), (5.0, 11.0, 26.0), (5.0, 11.0, 26.0), (5.0, 11.0, 26.0), (6.5, 6.5, 120), (6.5, 19.5, 120), (6, 17, 86), (2.5, 17.5, 50.0), (2.5, 12.5, 50.0), (2.5, 7.5, 50.0), (7.5, 7.5, 50.0), (7.5, 2.5, 50.0), (2.5, 2.5, 50.0), (3.0, 3.0, 26.0), (5.0, 3.0, 26.0), (5.0, 1.0, 26.0), (7.0, 1.0, 26.0), (9.0, 1.0, 26.0), (9.0, 3.0, 26.0), (9.0, 5.0, 26.0), (7.0, 5.0, 26.0), (7.0, 7.0, 26.0), (7.0, 9.0, 26.0), (5.0, 9.0, 26.0), (3.0, 9.0, 26.0), (3.0, 7.0, 26.0), (3.0, 5.0, 26.0), (1.0, 5.0, 26.0), (1.0, 3.0, 26.0), (1.0, 1.0, 26.0), (3.0, 1.0, 26.0), (7.0, 3.0, 26.0), (5.0, 5.0, 26.0), (5.0, 7.0, 26.0), (9.0, 7.0, 26.0), (9.0, 9.0, 26.0), (3.0, 11.0, 26.0), (1.0, 11.0, 26.0), (1.0, 13.0, 26.0), (1.0, 15.0, 26.0), (1.0, 17.0, 26.0), (3.0, 17.0, 26.0), (3.0, 15.0, 26.0), (3.0, 13.0, 26.0), (1.0, 9.0, 26.0), (1.0, 7.0, 26.0), (1.0, 19.0, 26.0), (3.0, 19.0, 26.0), (5.0, 19.0, 26.0), (5.0, 17.0, 26.0), (5.0, 15.0, 26.0), (5.0, 13.0, 26.0), (5.0, 13.0, 26.0), (5.0, 13.0, 26.0), (5.0, 13.0, 26.0), (5.0, 13.0, 26.0), (5.0, 13.0, 26.0), (5.0, 13.0, 26.0), (5.0, 13.0, 26.0), (5.0, 13.0, 26.0), (5.0, 13.0, 26.0), (5.0, 13.0, 26.0), (5.0, 13.0, 26.0), (5.0, 13.0, 26.0), (5.0, 13.0, 26.0), (5.0, 13.0, 26.0), (5.0, 13.0, 26.0), (5.0, 13.0, 26.0), (5.0, 13.0, 26.0), (5.0, 13.0, 26.0), (5.0, 13.0, 26.0), (5.0, 13.0, 26.0), (5.0, 13.0, 26.0), (5.0, 13.0, 26.0), (5.0, 13.0, 26.0), (5.0, 13.0, 26.0), (5.0, 13.0, 26.0), (5.0, 13.0, 26.0), (5.0, 13.0, 26.0), (5.0, 13.0, 26.0), (5.0, 13.0, 26.0), (5.0, 13.0, 26.0), (5.0, 13.0, 26.0), (5.0, 13.0, 26.0), (5.0, 13.0, 26.0), (5.0, 13.0, 26.0), (5.0, 13.0, 26.0), (5.0, 13.0, 26.0), (5.0, 13.0, 26.0), (5.0, 13.0, 26.0), (5.0, 13.0, 26.0), (5.0, 13.0, 26.0), (5.0, 13.0, 26.0), (5.0, 13.0, 26.0), (5.0, 13.0, 26.0), (5.0, 13.0, 26.0), (5.0, 13.0, 26.0), (5.0, 13.0, 26.0), (5.0, 13.0, 26.0), (5.0, 13.0, 26.0), (5.0, 13.0, 26.0), (5.0, 13.0, 26.0), (5.0, 13.0, 26.0), (5.0, 13.0, 26.0), (5.0, 13.0, 26.0), (5.0, 13.0, 26.0), (5.0, 13.0, 26.0), (5.0, 13.0, 26.0), (5.0, 13.0, 26.0), (5.0, 13.0, 26.0), (5.0, 13.0, 26.0), (5.0, 13.0, 26.0), (5.0, 13.0, 26.0), (5.0, 13.0, 26.0), (5.0, 13.0, 26.0), (5.0, 13.0, 26.0), (5.0, 13.0, 26.0), (5.0, 13.0, 26.0), (5.0, 13.0, 26.0), (5.0, 13.0, 26.0), (5.0, 13.0, 26.0), (5.0, 13.0, 26.0), (5.0, 13.0, 26.0), (5.0, 13.0, 26.0), (5.0, 13.0, 26.0), (5.0, 13.0, 26.0), (5.0, 13.0, 26.0), (5.0, 13.0, 26.0), (5.0, 13.0, 26.0), (5.0, 13.0, 26.0), (5.0, 13.0, 26.0), (5.0, 13.0, 26.0), (5.0, 13.0, 26.0), (5.0, 13.0, 26.0), (5.0, 13.0, 26.0), (5.0, 13.0, 26.0), (5.0, 13.0, 26.0), (5.0, 13.0, 26.0), (5.0, 13.0, 26.0), (5.0, 13.0, 26.0), (5.0, 13.0, 26.0), (5.0, 13.0, 26.0), (5.0, 13.0, 26.0), (5.0, 13.0, 26.0), (5.0, 13.0, 26.0), (5.0, 13.0, 26.0)]
Add 2 0 FT 21
Add 2 0 BM 535
Add 2 0 FI 106
Reward 2 73.84229540589726 11.4 0 0
Reward 2 84.84229540589726 13.8 0 0
Reward 2 95.84229540589726 12.6 0 0
Reward 2 106.84229540589726 15.0 0 0
Reward 2 118.04033443308283 15.0 0 0
Reward 2 125.04033443308283 8.4 0 0
Reward 2 144.15110470935767 0.6 0 0
Add 2 154.85471228592422 150.0 ('FT', 0) 32
Miss 2 154.85471228592422 ('FT', 0) 150.0 0
Reward 2 154.85471228592422 3.2 0 0.0
Reward 2 159.85471228592422 3.2 0 0
Reward 2 164.85471228592422 3.2 0 0
Reward 2 169.85471228592422 3.2 0 0
Reward 2 174.85471228592422 3.6 0 0
Reward 2 179.85471228592422 3.4 0 0
Reward 2 184.85471228592422 3.6 0 0
Reward 2 189.85471228592422 3.6 0 0
Reward 2 194.85471228592422 3.2 0 0
Reward 2 204.8524897892858 6.4 0 0
Reward 2 207.8524897892858 1.6 0 0
Reward 2 218.4566555521202 3.0 0 0
Reward 2 229.4566555521202 4.2 0 0
Reward 2 242.3797424007513 3.2 0 0
Reward 2 247.3797424007513 3.2 0 0
Reward 2 252.3797424007513 3.2 0 0
Reward 2 257.3797424007513 3.2 0 0
Reward 2 262.3797424007513 3.2 0 0
Reward 2 267.3797424007513 3.2 0 0
Reward 2 272.3797424007513 3.2 0 0
Reward 2 277.3797424007513 3.2 0 0
Reward 2 282.3797424007513 3.2 0 0
Reward 2 287.3797424007513 3.2 0 0
Reward 2 294.03659665024367 3.2 0 0
Reward 2 298.16069652060634 1.0 0 0
Add 2 314.2881549984869 300.0 ('FT', 0) 34
Miss 2 314.2881549984869 ('FT', 0) 300.0 2
Add 2 314.2881549984869 300 ('FI', 0) 106
Miss 2 314.2881549984869 ('FI', 0) 300 33
Reward 2 314.2881549984869 -318.8 0 350.0
Reward 2 329.25239504225584 0.6 0 0
Reward 2 344.81261482081686 3.0 0 0
Reward 2 355.81261482081686 4.8 0 0
Reward 2 376.81261482081686 6.0 0 0
Reward 2 387.81261482081686 1.8 0 0
Reward 2 399.01065384800245 3.0 0 0
Reward 2 406.01065384800245 1.2 0 0
Reward 2 414.1520822765453 24.0 0 0
Reward 2 431.1520822765453 38.4 0 0
Reward 2 448.1520822765453 38.4 0 0
Add 2 463.1520822765453 450.0 ('FT', 0) 36
Miss 2 463.1520822765453 ('FT', 0) 450.0 0
Reward 2 463.1520822765453 33.6 0 0.0
Reward 2 481.35673281063055 17.4 0 0
Reward 2 516.4155055424834 0 26.4 0
Reward 2 533.4155055424834 0 14.4 0
Reward 2 550.4155055424834 0 14.4 0
Reward 2 597.9343189409354 62.4 0 0
Hover 2 598.9343189409354
Hover 2 599.9343189409354
Add 2 600.9343189409354 600.0 ('FT', 0) 46
Miss 2 600.9343189409354 ('FT', 0) 600.0 36
Add 2 600.9343189409354 600 ('BM', 0) 499
Miss 2 600.9343189409354 ('BM', 0) 600 19
Add 2 600.9343189409354 600.0 ('FI', 0) 106
Miss 2 600.9343189409354 ('FI', 0) 600.0 106
Reward 2 600.9343189409354 -1595.0 0 1610.0
Reward 2 609.6154646888041 8.4 0 0
Reward 2 620.6154646888041 9.0 0 0
Reward 2 631.8135037159897 15.0 0 0
Reward 2 638.8135037159897 8.4 0 0
Reward 2 657.9242739922645 0.6 0 0
Reward 2 673.4844937708256 12.0 0 0
Reward 2 684.4844937708256 9.6 0 0
Reward 2 697.4075806194567 3.2 0 0
Reward 2 700.4075806194567 1.6 0 0
Reward 2 705.4075806194567 3.2 0 0
Reward 2 708.4075806194567 1.6 0 0
Reward 2 711.4075806194567 1.6 0 0
Reward 2 716.4075806194567 3.2 0 0
Reward 2 719.4075806194567 1.6 0 0
Reward 2 724.4075806194567 3.2 0 0
Reward 2 729.4075806194567 3.2 0 0
Reward 2 734.4075806194567 3.2 0 0
Reward 2 739.4075806194567 3.2 0 0
Reward 2 744.4075806194567 3.2 0 0
Reward 2 749.4075806194567 2.0 0 0
Add 2 754.4075806194567 750.0 ('FT', 0) 51
Miss 2 754.4075806194567 ('FT', 0) 750.0 0
Reward 2 754.4075806194567 3.2 0 0.0
Reward 2 759.4075806194567 3.2 0 0
Reward 2 764.4075806194567 3.2 0 0
Reward 2 769.4075806194567 3.2 0 0
Reward 2 774.4075806194567 3.2 0 0
Reward 2 779.4075806194567 3.6 0 0
Reward 2 784.4075806194567 3.4 0 0
Reward 2 789.4075806194567 3.6 0 0
Reward 2 806.598936337864 9.0 0 0
Reward 2 817.598936337864 4.8 0 0
Reward 2 828.598936337864 7.2 0 0
Reward 2 845.7902920562713 3.2 0 0
Reward 2 850.7902920562713 3.2 0 0
Reward 2 855.7902920562713 3.2 0 0
Reward 2 860.7902920562713 3.2 0 0
Reward 2 865.7902920562713 3.2 0 0
Reward 2 870.7902920562713 3.2 0 0
Reward 2 875.7902920562713 3.6 0 0
Reward 2 881.4550535721474 4.0 0 0
Reward 2 891.7157230943797 3.2 0 0
Reward 2 896.7157230943797 3.2 0 0
Add 2 919.4679643582127 900.0 ('FT', 0) 60
Miss 2 919.4679643582127 ('FT', 0) 900.0 5
Add 2 919.4679643582127 900.0 ('FI', 0) 106
Miss 2 919.4679643582127 ('FI', 0) 900.0 4
Reward 2 919.4679643582127 -56.4 0 90.0
Reward 2 932.5923200111948 0.6 0 0
Reward 2 936.420747135941 0.6 0 0
Reward 2 951.9809669145021 6.6 0 0
Reward 2 962.9809669145021 9.6 0 0
Reward 2 983.9809669145021 9.0 0 0
Reward 2 994.9809669145021 4.2 0 0
Reward 2 1006.1790059416877 4.2 0 0
Reward 2 1013.1790059416877 1.2 0 0
Reward 2 1021.3204343702306 24.0 0 0
Reward 2 1038.3204343702305 38.4 0 0
Add 2 1055.3204343702305 1050.0 ('FT', 0) 65
Miss 2 1055.3204343702305 ('FT', 0) 1050.0 0
Reward 2 1055.3204343702305 24.0 0 0.0
Reward 2 1070.3204343702305 33.6 0 0
Reward 2 1081.3204343702305 21.0 0 0
Reward 2 1088.3204343702305 7.2 0 0
Reward 2 1132.4017528273066 0 26.4 0
Reward 2 1149.4017528273066 0 14.4 0
Reward 2 1166.4017528273066 0 14.4 0
Reward 2 1196.9821517428047 59.4 0 0
Hover 2 1197.9821517428047
Hover 2 1198.9821517428047
Hover 2 1199.9821517428047
Add 2 1200.9821517428047 1200.0 ('FT', 0) 65
Miss 2 1200.9821517428047 ('FT', 0) 1200.0 58
Add 2 1200.9821517428047 1200.0 ('BM', 0) 499
Miss 2 1200.9821517428047 ('BM', 0) 1200.0 19
Add 2 1200.9821517428047 1200.0 ('FI', 0) 106
Miss 2 1200.9821517428047 ('FI', 0) 1200.0 106
Reward 2 1200.9821517428047 -1815.0 0 1830.0
Time 2 1.604280948638916
Total 2 -2970.8 3880.0 117 [(0, 0, 0), (22.5, 27.5, 80.0), (22.5, 32.5, 80.0), (22.5, 37.5, 80.0), (22.5, 42.5, 80.0), (17.5, 43.5, 80.0), (14.5, 43.5, 80.0), (15.5, 34.5, 80.0), (15.0, 35.0, 32.0), (15.0, 37.0, 32.0), (15.0, 39.0, 32.0), (13.0, 39.0, 32.0), (13.0, 41.0, 32.0), (15.0, 41.0, 32.0), (17.0, 41.0, 32.0), (19.0, 41.0, 32.0), (19.0, 39.0, 32.0), (22.0, 38.0, 64.0), (22.0, 37.0, 64.0), (22.5, 32.5, 80.0), (22.5, 27.5, 80.0), (19.0, 27.0, 32.0), (19.0, 29.0, 32.0), (17.0, 29.0, 32.0), (17.0, 31.0, 32.0), (17.0, 33.0, 32.0), (19.0, 33.0, 32.0), (19.0, 35.0, 32.0), (19.0, 37.0, 32.0), (17.0, 37.0, 32.0), (17.0, 35.0, 32.0), (15.0, 33.0, 32.0), (14.0, 33.0, 44.0), (12.0, 29.0, 105.0), (15.5, 34.5, 80.0), (22.5, 32.5, 80.0), (22.5, 27.5, 80.0), (22.5, 37.5, 80.0), (22.5, 42.5, 80.0), (17.5, 43.5, 80.0), (14.5, 43.5, 80.0), (12.0, 44.0, 105.0), (4.0, 44.0, 105.0), (4.0, 36.0, 105.0), (4.0, 29.0, 105.0), (9.0, 36.0, 105.0), (20.0, 49.0, 105.0), (12.0, 49.0, 105.0), (4.0, 49.0, 105.0), (25.0, 39.0, 105.0), (25.0, 39.0, 105.0), (25.0, 39.0, 105.0), (25.0, 39.0, 105.0), (22.5, 37.5, 80.0), (22.5, 42.5, 80.0), (17.5, 43.5, 80.0), (14.5, 43.5, 80.0), (15.5, 34.5, 80.0), (22.5, 32.5, 80.0), (22.5, 27.5, 80.0), (19.0, 27.0, 32.0), (19.0, 26.0, 32.0), (17.0, 26.0, 32.0), (17.0, 27.0, 32.0), (16.0, 27.0, 32.0), (16.0, 29.0, 32.0), (17.0, 29.0, 32.0), (19.0, 29.0, 32.0), (19.0, 31.0, 32.0), (17.0, 31.0, 32.0), (15.0, 31.0, 32.0), (15.0, 33.0, 32.0), (13.0, 33.0, 32.0), (13.0, 35.0, 32.0), (15.0, 35.0, 32.0), (15.0, 37.0, 32.0), (15.0, 39.0, 32.0), (13.0, 39.0, 32.0), (13.0, 41.0, 32.0), (15.0, 41.0, 32.0), (17.0, 41.0, 32.0), (22.5, 37.5, 80.0), (22.5, 32.5, 80.0), (22.5, 27.5, 80.0), (19.0, 33.0, 32.0), (17.0, 33.0, 32.0), (17.0, 35.0, 32.0), (19.0, 35.0, 32.0), (19.0, 37.0, 32.0), (19.0, 39.0, 32.0), (19.0, 41.0, 32.0), (21.0, 41.0, 44.0), (17.0, 39.0, 32.0), (17.0, 37.0, 32.0), (9.0, 36.0, 105.0), (14.5, 35.5, 80.0), (15.5, 34.5, 80.0), (22.5, 32.5, 80.0), (22.5, 27.5, 80.0), (22.5, 37.5, 80.0), (22.5, 42.5, 80.0), (17.5, 43.5, 80.0), (14.5, 43.5, 80.0), (12.0, 44.0, 105.0), (4.0, 44.0, 105.0), (4.0, 36.0, 105.0), (4.0, 29.0, 105.0), (9.0, 29.0, 105.0), (12.0, 29.0, 105.0), (20.0, 49.0, 105.0), (12.0, 49.0, 105.0), (4.0, 49.0, 105.0), (17.5, 43.5, 80.0), (17.5, 43.5, 80.0), (17.5, 43.5, 80.0), (17.5, 43.5, 80.0), (17.5, 43.5, 80.0)]
Add 3 0 BM 151
Reward 3 121.63996021219502 0 72.6 0
Reward 3 136.782095835926 0 18.0 0
Reward 3 201.38272476363392 90.6 0 0
Reward 3 251.96739981550857 0 5.0 0
Reward 3 262.96739981550854 0 5.0 0
Reward 3 273.96739981550854 0 5.0 0
Reward 3 284.96739981550854 0 5.0 0
Reward 3 295.96739981550854 0 5.0 0
Reward 3 301.9713982167873 0 0.8 0
Reward 3 306.9713982167873 0 0.8 0
Reward 3 311.9713982167873 0 0.8 0
Reward 3 316.9713982167873 0 0.8 0
Reward 3 321.9713982167873 0 0.8 0
Reward 3 326.9713982167873 0 0.8 0
Reward 3 331.9713982167873 0 0.8 0
Reward 3 336.9713982167873 0 0.8 0
Reward 3 341.9713982167873 0 0.8 0
Reward 3 346.9713982167873 0 0.8 0
Reward 3 351.9713982167873 0 0.8 0
Reward 3 356.9713982167873 0 0.8 0
Reward 3 361.9713982167873 0 0.8 0
Reward 3 366.9713982167873 0 0.8 0
Reward 3 375.9713982167873 0 0.8 0
Reward 3 380.9713982167873 0 0.8 0
Reward 3 385.9713982167873 0 0.8 0
Reward 3 390.9713982167873 0 0.8 0
Reward 3 395.9713982167873 0 0.8 0
Reward 3 400.9713982167873 0 0.8 0
Reward 3 405.9713982167873 0 0.8 0
Reward 3 410.9713982167873 0 0.8 0
Reward 3 415.9713982167873 0 0.8 0
Reward 3 420.9713982167873 0 0.8 0
Reward 3 425.9713982167873 0 0.8 0
Reward 3 430.9713982167873 0 0.8 0
Reward 3 435.9713982167873 0 0.8 0
Reward 3 440.9713982167873 0 0.8 0
Reward 3 445.9713982167873 0 0.8 0
Reward 3 450.9713982167873 0 0.8 0
Reward 3 455.9713982167873 0 0.8 0
Reward 3 460.9713982167873 0 0.8 0
Reward 3 465.9713982167873 0 0.8 0
Reward 3 470.9713982167873 0 0.8 0
Reward 3 475.9713982167873 0 0.8 0
Reward 3 480.9713982167873 0 0.8 0
Reward 3 487.62825246627966 0 0.8 0
Reward 3 492.62825246627966 0 0.8 0
Reward 3 497.62825246627966 0 0.8 0
Reward 3 504.28510671577203 0 0.8 0
Reward 3 509.28510671577203 0 0.8 0
Reward 3 529.2587726767823 0 0.6 0
Reward 3 532.2587726767823 0 0.2 0
Reward 3 537.2587726767823 0 0.4 0
Reward 3 542.2587726767823 0 0.4 0
Reward 3 598.7204711722305 59.4 0 0
Hover 3 599.7204711722305
Add 3 600.7204711722305 600 ('BM', 0) 151
Miss 3 600.7204711722305 ('BM', 0) 600 0
Hover 3 600.7204711722305
Reward 3 665.4342059552425 0 72.6 0
Reward 3 680.5763415789735 0 18.0 0
Reward 3 745.1769705066814 90.6 0 0
Reward 3 795.7616455585561 0 5.0 0
Reward 3 806.7616455585561 0 5.0 0
Reward 3 817.7616455585561 0 5.0 0
Reward 3 828.7616455585561 0 5.0 0
Reward 3 839.7616455585561 0 5.0 0
Reward 3 845.7656439598348 0 0.8 0
Reward 3 850.7656439598348 0 0.8 0
Reward 3 855.7656439598348 0 0.8 0
Reward 3 860.7656439598348 0 0.8 0
Reward 3 865.7656439598348 0 0.8 0
Reward 3 870.7656439598348 0 0.8 0
Reward 3 875.7656439598348 0 0.8 0
Reward 3 880.7656439598348 0 0.8 0
Reward 3 885.7656439598348 0 0.8 0
Reward 3 890.7656439598348 0 0.8 0
Reward 3 895.7656439598348 0 0.8 0
Reward 3 900.7656439598348 0 0.8 0
Reward 3 905.7656439598348 0 0.8 0
Reward 3 910.7656439598348 0 0.8 0
Reward 3 919.7656439598348 0 0.8 0
Reward 3 924.7656439598348 0 0.8 0
Reward 3 929.7656439598348 0 0.8 0
Reward 3 934.7656439598348 0 0.8 0
Reward 3 939.7656439598348 0 0.8 0
Reward 3 944.7656439598348 0 0.8 0
Reward 3 949.7656439598348 0 0.8 0
Reward 3 954.7656439598348 0 0.8 0
Reward 3 959.7656439598348 0 0.8 0
Reward 3 964.7656439598348 0 0.8 0
Reward 3 969.7656439598348 0 0.8 0
Reward 3 974.7656439598348 0 0.8 0
Reward 3 979.7656439598348 0 0.8 0
Reward 3 984.7656439598348 0 0.8 0
Reward 3 989.7656439598348 0 0.8 0
Reward 3 994.7656439598348 0 0.8 0
Reward 3 999.7656439598348 0 0.8 0
Reward 3 1004.7656439598348 0 0.8 0
Reward 3 1009.7656439598348 0 0.8 0
Reward 3 1014.7656439598348 0 0.8 0
Reward 3 1019.7656439598348 0 0.8 0
Reward 3 1024.765643959835 0 0.8 0
Reward 3 1031.4224982093274 0 0.8 0
Reward 3 1036.4224982093274 0 0.8 0
Reward 3 1041.4224982093274 0 0.8 0
Reward 3 1048.0793524588198 0 0.8 0
Reward 3 1053.0793524588198 0 0.8 0
Reward 3 1073.05301841983 0 0.6 0
Reward 3 1076.05301841983 0 0.2 0
Reward 3 1081.05301841983 0 0.4 0
Reward 3 1086.05301841983 0 0.4 0
Reward 3 1098.7149222095206 0 0.4 0
Reward 3 1103.7149222095206 0 0.2 0
Reward 3 1152.1280005740393 60.0 0 0
Hover 3 1153.1280005740393
Hover 3 1154.1280005740393
Hover 3 1155.1280005740393
Hover 3 1156.1280005740393
Hover 3 1157.1280005740393
Hover 3 1158.1280005740393
Hover 3 1159.1280005740393
Hover 3 1160.1280005740393
Hover 3 1161.1280005740393
Hover 3 1162.1280005740393
Hover 3 1163.1280005740393
Hover 3 1164.1280005740393
Hover 3 1165.1280005740393
Hover 3 1166.1280005740393
Hover 3 1167.1280005740393
Hover 3 1168.1280005740393
Hover 3 1169.1280005740393
Hover 3 1170.1280005740393
Hover 3 1171.1280005740393
Hover 3 1172.1280005740393
Hover 3 1173.1280005740393
Hover 3 1174.1280005740393
Hover 3 1175.1280005740393
Hover 3 1176.1280005740393
Hover 3 1177.1280005740393
Hover 3 1178.1280005740393
Hover 3 1179.1280005740393
Hover 3 1180.1280005740393
Hover 3 1181.1280005740393
Hover 3 1182.1280005740393
Hover 3 1183.1280005740393
Hover 3 1184.1280005740393
Hover 3 1185.1280005740393
Hover 3 1186.1280005740393
Hover 3 1187.1280005740393
Hover 3 1188.1280005740393
Hover 3 1189.1280005740393
Hover 3 1190.1280005740393
Hover 3 1191.1280005740393
Hover 3 1192.1280005740393
Hover 3 1193.1280005740393
Hover 3 1194.1280005740393
Hover 3 1195.1280005740393
Hover 3 1196.1280005740393
Hover 3 1197.1280005740393
Hover 3 1198.1280005740393
Hover 3 1199.1280005740393
Add 3 1200.1280005740393 1200.0 ('BM', 0) 151
Miss 3 1200.1280005740393 ('BM', 0) 1200.0 0
Hover 3 1200.1280005740393
Time 3 0.5859837532043457
Total 3 300.6 0.0 161 [(0, 0, 0), (36.5, 46.5, 120), (31.5, 51.5, 120), (14, 26, 46), (32.5, 42.5, 50.0), (37.5, 42.5, 50.0), (37.5, 47.5, 50.0), (32.5, 47.5, 50.0), (27.5, 47.5, 50.0), (27.0, 47.0, 26.0), (29.0, 47.0, 26.0), (31.0, 47.0, 26.0), (31.0, 45.0, 26.0), (31.0, 43.0, 26.0), (31.0, 41.0, 26.0), (33.0, 41.0, 26.0), (35.0, 41.0, 26.0), (37.0, 41.0, 26.0), (37.0, 43.0, 26.0), (39.0, 43.0, 26.0), (41.0, 43.0, 26.0), (41.0, 41.0, 26.0), (39.0, 41.0, 26.0), (39.0, 45.0, 26.0), (41.0, 45.0, 26.0), (41.0, 47.0, 26.0), (41.0, 49.0, 26.0), (39.0, 49.0, 26.0), (39.0, 51.0, 26.0), (37.0, 51.0, 26.0), (35.0, 51.0, 26.0), (33.0, 51.0, 26.0), (31.0, 51.0, 26.0), (29.0, 51.0, 26.0), (27.0, 51.0, 26.0), (27.0, 49.0, 26.0), (29.0, 49.0, 26.0), (31.0, 49.0, 26.0), (33.0, 49.0, 26.0), (33.0, 47.0, 26.0), (35.0, 47.0, 26.0), (35.0, 45.0, 26.0), (33.0, 45.0, 26.0), (33.0, 43.0, 26.0), (35.0, 43.0, 26.0), (37.0, 45.0, 26.0), (37.0, 47.0, 26.0), (39.0, 47.0, 26.0), (37.0, 49.0, 26.0), (35.0, 49.0, 26.0), (26.0, 46.0, 26.0), (26.0, 47.0, 26.0), (26.0, 49.0, 26.0), (26.0, 51.0, 26.0), (14, 26, 26), (14, 26, 26), (14, 26, 26), (36.5, 46.5, 120), (31.5, 51.5, 120), (14, 26, 46), (32.5, 42.5, 50.0), (37.5, 42.5, 50.0), (37.5, 47.5, 50.0), (32.5, 47.5, 50.0), (27.5, 47.5, 50.0), (27.0, 47.0, 26.0), (29.0, 47.0, 26.0), (31.0, 47.0, 26.0), (31.0, 45.0, 26.0), (31.0, 43.0, 26.0), (31.0, 41.0, 26.0), (33.0, 41.0, 26.0), (35.0, 41.0, 26.0), (37.0, 41.0, 26.0), (37.0, 43.0, 26.0), (39.0, 43.0, 26.0), (41.0, 43.0, 26.0), (41.0, 41.0, 26.0), (39.0, 41.0, 26.0), (39.0, 45.0, 26.0), (41.0, 45.0, 26.0), (41.0, 47.0, 26.0), (41.0, 49.0, 26.0), (39.0, 49.0, 26.0), (39.0, 51.0, 26.0), (37.0, 51.0, 26.0), (35.0, 51.0, 26.0), (33.0, 51.0, 26.0), (31.0, 51.0, 26.0), (29.0, 51.0, 26.0), (27.0, 51.0, 26.0), (27.0, 49.0, 26.0), (29.0, 49.0, 26.0), (31.0, 49.0, 26.0), (33.0, 49.0, 26.0), (33.0, 47.0, 26.0), (35.0, 47.0, 26.0), (35.0, 45.0, 26.0), (33.0, 45.0, 26.0), (33.0, 43.0, 26.0), (35.0, 43.0, 26.0), (37.0, 45.0, 26.0), (37.0, 47.0, 26.0), (39.0, 47.0, 26.0), (37.0, 49.0, 26.0), (35.0, 49.0, 26.0), (26.0, 46.0, 26.0), (26.0, 47.0, 26.0), (26.0, 49.0, 26.0), (26.0, 51.0, 26.0), (29.0, 46.0, 26.0), (27.0, 46.0, 26.0), (16, 25, 26), (16, 25, 26), (16, 25, 26), (16, 25, 26), (16, 25, 26), (16, 25, 26), (16, 25, 26), (16, 25, 26), (16, 25, 26), (16, 25, 26), (16, 25, 26), (16, 25, 26), (16, 25, 26), (16, 25, 26), (16, 25, 26), (16, 25, 26), (16, 25, 26), (16, 25, 26), (16, 25, 26), (16, 25, 26), (16, 25, 26), (16, 25, 26), (16, 25, 26), (16, 25, 26), (16, 25, 26), (16, 25, 26), (16, 25, 26), (16, 25, 26), (16, 25, 26), (16, 25, 26), (16, 25, 26), (16, 25, 26), (16, 25, 26), (16, 25, 26), (16, 25, 26), (16, 25, 26), (16, 25, 26), (16, 25, 26), (16, 25, 26), (16, 25, 26), (16, 25, 26), (16, 25, 26), (16, 25, 26), (16, 25, 26), (16, 25, 26), (16, 25, 26), (16, 25, 26), (16, 25, 26), (16, 25, 26)]
Add 4 0 FT 17
Add 4 0 BM 438
Add 4 0 FI 43
Reward 4 77.48529270389177 7.8 0 0
Reward 4 99.82904016200126 14.4 0 0
Reward 4 120.82904016200126 0 19.2 0
Reward 4 139.77958951911629 0 3.0 0
Reward 4 146.84405798533638 18.0 0 0
Add 4 161.67237032713075 150.0 ('FT', 0) 21
Miss 4 161.67237032713075 ('FT', 0) 150.0 0
Reward 4 161.67237032713075 0.0 1.6 0.0
Reward 4 169.3390369937974 5.0 0 0
Reward 4 177.00570366046406 0 3.2 0
Reward 4 184.67237032713072 6.4 0 0
Reward 4 192.33903699379738 3.2 0 0
Reward 4 200.00570366046404 3.2 0 0
Reward 4 207.6723703271307 3.2 0 0
Reward 4 215.33903699379735 3.2 0 0
Reward 4 223.005703660464 3.2 0 0
Reward 4 259.83554845189144 7.8 0 0
Reward 4 284.8725569549847 5.4 0 0
Reward 4 295.9058349171796 3.0 0 0
Add 4 315.1053465101379 300.0 ('FT', 0) 21
Miss 4 315.1053465101379 ('FT', 0) 300.0 10
Add 4 315.1053465101379 300 ('FI', 0) 43
Miss 4 315.1053465101379 ('FI', 0) 300 16
Reward 4 315.1053465101379 -247.4 0 260.0
Reward 4 325.9654794819706 2.4 0 0
Reward 4 331.6795246898809 1.2 0 0
Reward 4 354.0232721479904 3.0 0 0
Reward 4 358.3566054813237 0.6 0 0
Reward 4 376.0232721479904 0 3.0 0
Reward 4 394.9738215051054 0 2.4 0
Reward 4 421.084686793971 42.6 0 0
Reward 4 432.6256123278656 17.4 0 0
Add 4 450.2922789945323 450.0 ('FT', 0) 21
Miss 4 450.2922789945323 ('FT', 0) 450.0 0
Reward 4 450.2922789945323 24.0 0 0.0
Reward 4 488.5600786195288 38.4 0 0
Reward 4 506.22674528619547 24.0 0 0
Reward 4 523.8934119528622 18.6 0 0
Reward 4 538.2267452861955 0 6.0 0
Reward 4 592.9751302748525 21.0 0 0
Hover 4 593.9751302748525
Hover 4 594.9751302748525
Hover 4 595.9751302748525
Hover 4 596.9751302748525
Hover 4 597.9751302748525
Hover 4 598.9751302748525
Hover 4 599.9751302748525
Add 4 600.9751302748525 600.0 ('FT', 0) 28
Miss 4 600.9751302748525 ('FT', 0) 600.0 21
Add 4 600.9751302748525 600 ('BM', 0) 420
Miss 4 600.9751302748525 ('BM', 0) 600 44
Add 4 600.9751302748525 600.0 ('FI', 0) 43
Miss 4 600.9751302748525 ('FI', 0) 600.0 43
Reward 4 600.9751302748525 -1048.8 0 1080.0
Reward 4 616.4088870045931 4.8 0 0
Reward 4 638.7526344627026 12.0 0 0
Reward 4 643.085967796036 2.4 0 0
Reward 4 660.7526344627026 0 15.0 0
Reward 4 679.7031838198177 0 3.0 0
Reward 4 696.8758631140953 0 1.6 0
Reward 4 704.5425297807619 0 1.6 0
Reward 4 712.2091964474286 0 3.2 0
Reward 4 719.8758631140952 27.2 0 0
Reward 4 727.5425297807618 3.2 0 0
Reward 4 735.2091964474284 3.2 0 0
Reward 4 742.8758631140951 3.2 0 0
Add 4 754.8100094253329 750.0 ('FT', 0) 33
Miss 4 754.8100094253329 ('FT', 0) 750.0 0
Reward 4 754.8100094253329 4.8 0 0.0
Reward 4 775.4285947180824 7.4 0 0
Reward 4 793.7683371229357 5.4 0 0
Reward 4 799.482382330846 1.2 0 0
Reward 4 837.7501819558425 0 7.2 0
Reward 4 854.7571248938998 10.4 0 0
Reward 4 870.7534207328358 3.2 0 0
Reward 4 878.4200873995024 3.2 0 0
Reward 4 886.0867540661691 2.0 0 0
Reward 4 893.7534207328357 2.0 0 0
Add 4 922.8978893032513 900.0 ('FT', 0) 36
Miss 4 922.8978893032513 ('FT', 0) 900.0 4
Add 4 922.8978893032513 900.0 ('FI', 0) 43
Miss 4 922.8978893032513 ('FI', 0) 900.0 10
Reward 4 922.8978893032513 -114.8 0 140.0
Reward 4 944.6477219665659 0 2.4 0
Reward 4 963.5982713236809 0 7.2 0
Reward 4 981.2649379903476 15.6 0 0
Reward 4 985.5982713236809 1.2 0 0
Reward 4 1007.9420187817905 3.6 0 0
Reward 4 1013.6560639897008 1.2 0 0
Reward 4 1041.0610298526256 38.4 0 0
Add 4 1058.7276965192923 1050.0 ('FT', 0) 38
Miss 4 1058.7276965192923 ('FT', 0) 1050.0 0
Reward 4 1058.7276965192923 24.0 0 0.0
Reward 4 1096.9954961442888 24.0 0 0
Reward 4 1114.6621628109556 15.0 0 0
Reward 4 1139.232388850507 18.6 0 0
Reward 4 1166.8990555171738 5.4 0 0
Reward 4 1188.1063149388108 0 2.4 0
Reward 4 1195.1707834050308 2.4 0 0
Hover 4 1196.1707834050308
Hover 4 1197.1707834050308
Hover 4 1198.1707834050308
Hover 4 1199.1707834050308
Add 4 1200.1707834050308 1200.0 ('FT', 0) 38
Miss 4 1200.1707834050308 ('FT', 0) 1200.0 34
Add 4 1200.1707834050308 1200.0 ('BM', 0) 420
Miss 4 1200.1707834050308 ('BM', 0) 1200.0 65
Add 4 1200.1707834050308 1200.0 ('FI', 0) 43
Miss 4 1200.1707834050308 ('FI', 0) 1200.0 43
Reward 4 1200.1707834050308 -1420.0 0 1420.0
Time 4 1.133131504058838
Total 4 -2309.0 2900.0 83 [(0, 0, 0), (17.5, 12.5, 80.0), (22.5, 16.5, 80.0), (22.5, 22.5, 80.0), (17.5, 24.5, 80.0), (16, 24, 71), (17.0, 25.0, 32.0), (17.0, 23.0, 32.0), (19.0, 23.0, 32.0), (19.0, 21.0, 32.0), (19.0, 19.0, 32.0), (19.0, 17.0, 32.0), (17.0, 17.0, 32.0), (17.0, 19.0, 32.0), (17.0, 21.0, 32.0), (18.5, 11.5, 80.0), (22.5, 17.5, 80.0), (22.0, 15.0, 64.0), (20.0, 12.0, 105.0), (18.5, 11.5, 80.0), (17.5, 12.5, 80.0), (22.5, 16.5, 80.0), (22.5, 17.5, 80.0), (22.5, 22.5, 80.0), (17.5, 24.5, 80.0), (12.0, 20.0, 105.0), (9.0, 19.0, 105.0), (9.0, 14.0, 105.0), (14.0, 4.0, 105.0), (19.0, 4.0, 105.0), (24.0, 4.0, 105.0), (28.0, 4.0, 105.0), (14.0, 12.0, 105.0), (14.0, 12.0, 105.0), (14.0, 12.0, 105.0), (14.0, 12.0, 105.0), (14.0, 12.0, 105.0), (14.0, 12.0, 105.0), (14.0, 12.0, 105.0), (14.0, 12.0, 105.0), (14.0, 12.0, 105.0), (17.5, 12.5, 80.0), (22.5, 16.5, 80.0), (22.5, 17.5, 80.0), (22.5, 22.5, 80.0), (17.5, 24.5, 80.0), (17.0, 25.0, 32.0), (19.0, 25.0, 32.0), (19.0, 23.0, 32.0), (17.0, 23.0, 32.0), (17.0, 21.0, 32.0), (19.0, 21.0, 32.0), (19.0, 19.0, 32.0), (17.0, 18.0, 56.0), (22.0, 15.0, 64.0), (18.5, 11.5, 80.0), (17.5, 12.5, 80.0), (22.5, 22.5, 80.0), (22.0, 18.0, 64.0), (19.0, 17.0, 32.0), (19.0, 15.0, 32.0), (17.0, 15.0, 32.0), (17.0, 17.0, 32.0), (14.0, 20.0, 105.0), (17.5, 24.5, 80.0), (22.5, 22.5, 80.0), (22.5, 17.5, 80.0), (22.5, 16.5, 80.0), (17.5, 12.5, 80.0), (18.5, 11.5, 80.0), (19.0, 4.0, 105.0), (14.0, 4.0, 105.0), (9.0, 14.0, 105.0), (9.0, 19.0, 105.0), (4.0, 24.0, 105.0), (12.0, 24.0, 105.0), (17.5, 24.5, 80.0), (16, 24, 71), (16, 24, 71), (16, 24, 71), (16, 24, 71), (16, 24, 71), (16, 24, 71)]
Add 5 0 FT 12
Add 5 0 BM 224
Add 5 0 FI 14
Reward 5 79.43280958353506 7.4 0 0
Reward 5 95.57494520726601 8.8 0 0
Reward 5 105.82115645850133 8.6 0 0
Reward 5 115.82115645850133 0 4.4 0
Reward 5 125.36834136414662 4.8 0 0
Reward 5 143.4928568607437 3.2 0 0
Add 5 160.36430601676074 150.0 ('FT', 0) 17
Miss 5 160.36430601676074 ('FT', 0) 150.0 0
Reward 5 160.36430601676074 26.4 0 0.0
Reward 5 171.47473959590502 4.8 0 0
Reward 5 187.61687521963597 4.8 0 0
Reward 5 195.94143053997274 4.2 0 0
Reward 5 207.94143053997274 0 1.8 0
Reward 5 244.32398425548377 5.0 0 0
Reward 5 250.79612021048334 3.2 0 0
Reward 5 270.60510670607033 3.6 0 0
Reward 5 286.60510670607033 33.6 0 0
Reward 5 298.60510670607033 0 22.8 0
Add 5 306.2619609555627 300.0 ('FT', 0) 20
Miss 5 306.2619609555627 ('FT', 0) 300.0 0
Add 5 306.2619609555627 300 ('FI', 0) 14
Miss 5 306.2619609555627 ('FI', 0) 300 0
Reward 5 306.2619609555627 0.0 13.2 0.0
Reward 5 324.97243671180615 38.4 0 0
Reward 5 334.97243671180615 0 1.6 0
Reward 5 353.09695220840325 8.0 0 0
Reward 5 369.2390878321342 4.0 0 0
Reward 5 377.2390878321342 0.8 0 0
Reward 5 387.2390878321342 0.8 0 0
Reward 5 414.91475724891865 0 7.2 0
Reward 5 442.91475724891865 0 3.0 0
Add 5 474.123660001333 450.0 ('FT', 0) 26
Miss 5 474.123660001333 ('FT', 0) 450.0 0
Reward 5 474.123660001333 13.4 0 0.0
Reward 5 484.66532260295804 6.4 0 0
Reward 5 500.38538091187206 4.8 0 0
Reward 5 512.4928039266667 3.2 0 0
Reward 5 518.9649398816663 3.2 0 0
Reward 5 549.638272439986 3.0 0 0
Reward 5 562.508415033347 3.6 0 0
Reward 5 573.17097816443 0 2.0 0
Reward 5 582.7709781644301 0 2.6 0
Reward 5 589.4571279699741 3.6 0 0
Reward 5 594.0724673360985 1.8 0 0
Hover 5 596.0724673360985
Hover 5 598.0724673360985
Add 5 600.0724673360985 600.0 ('FT', 0) 31
Miss 5 600.0724673360985 ('FT', 0) 600.0 1
Add 5 600.0724673360985 600 ('BM', 0) 197
Miss 5 600.0724673360985 ('BM', 0) 600 0
Add 5 600.0724673360985 600.0 ('FI', 0) 14
Miss 5 600.0724673360985 ('FI', 0) 600.0 0
Reward 5 600.0724673360985 -2.8 0 10.0
Reward 5 611.9233556209183 0 4.4 0
Reward 5 628.0654912446493 0 3.2 0
Reward 5 638.0654912446493 16.0 0 0
Reward 5 648.3117024958846 7.0 0 0
Reward 5 664.4538381196155 8.8 0 0
Reward 5 672.4538381196155 6.4 0 0
Reward 5 682.4538381196155 10.0 0 0
Reward 5 697.7564694382683 1.6 0 0
Reward 5 701.7564694382683 1.6 0 0
Reward 5 708.2286053932678 3.2 0 0
Reward 5 722.3941304538642 3.2 0 0
Reward 5 740.5186459504614 2.0 0 0
Add 5 757.7882235477625 750.0 ('FT', 0) 34
Miss 5 757.7882235477625 ('FT', 0) 750.0 0
Reward 5 757.7882235477625 8.4 0 0.0
Reward 5 766.3456620720646 5.4 0 0
Reward 5 774.6702173924014 5.4 0 0
Reward 5 790.8123530161323 9.0 0 0
Reward 5 804.8123530161323 4.8 0 0
Reward 5 834.8836907113687 0 1.8 0
Reward 5 851.0258263350996 0 2.4 0
Reward 5 862.136259914244 0 3.0 0
Reward 5 889.7487568639754 0 27.0 0
Reward 5 893.7487568639754 34.2 0 0
Add 5 902.9598594149033 900.0 ('FT', 0) 37
Miss 5 902.9598594149033 ('FT', 0) 900.0 0
Add 5 902.9598594149033 900.0 ('FI', 0) 14
Miss 5 902.9598594149033 ('FI', 0) 900.0 0
Reward 5 902.9598594149033 0.0 16.8 0.0
Reward 5 919.7585080018521 18.6 0 0
Reward 5 933.7585080018521 6.0 0 0
Reward 5 949.900643625583 7.2 0 0
Reward 5 958.2251989459198 3.6 0 0
Reward 5 970.2251989459198 0 2.4 0
Reward 5 986.3673345696508 0 1.2 0
Reward 5 996.0484803175194 0 4.2 0
Reward 5 1018.0484803175194 19.8 0 0
Reward 5 1034.6087000960804 9.6 0 0
Add 5 1051.4801492520974 1050.0 ('FT', 0) 40
Miss 5 1051.4801492520974 ('FT', 0) 1050.0 0
Reward 5 1051.4801492520974 3.2 0 0.0
Reward 5 1062.0218118537225 9.6 0 0
Reward 5 1072.2680231049578 6.4 0 0
Reward 5 1095.5339583065895 6.0 0 0
Reward 5 1107.6413813213842 3.2 0 0
Reward 5 1114.1135172763838 3.2 0 0
Reward 5 1125.374186798616 4.0 0 0
Reward 5 1157.2030318986194 3.6 0 0
Reward 5 1166.7502168042647 0 1.6 0
Reward 5 1182.0167159656862 0 2.3 0
Reward 5 1188.70286577123 3.9 0 0
Reward 5 1195.6018452567964 0.8 0 0
Hover 5 1197.6018452567964
Hover 5 1199.6018452567964
Add 5 1201.6018452567964 1200.0 ('FT', 0) 40
Miss 5 1201.6018452567964 ('FT', 0) 1200.0 0
Add 5 1201.6018452567964 1200.0 ('BM', 0) 197
Miss 5 1201.6018452567964 ('BM', 0) 1200.0 0
Add 5 1201.6018452567964 1200.0 ('FI', 0) 14
Miss 5 1201.6018452567964 ('FI', 0) 1200.0 0
Reward 5 1201.6018452567964 3.6 0 0.0
Time 5 0.25560736656188965
Total 5 449.9000000000001 10.0 87 [(0, 0, 0), (27.0, 27.0, 64.0), (34.0, 26.0, 64.0), (38.0, 27.0, 64.0), (42.0, 27.0, 64.0), (40.0, 27.0, 32.0), (32.0, 28.0, 32.0), (31.0, 29.0, 105.0), (27.5, 27.5, 80.0), (34.5, 26.5, 80.0), (37.5, 27.5, 80.0), (42.5, 27.5, 80.0), (26.0, 27.0, 32.0), (24.0, 28.0, 32.0), (29.0, 29.0, 105.0), (29.0, 36.0, 105.0), (34.0, 36.0, 105.0), (36.0, 34.0, 105.0), (38.0, 27.0, 64.0), (42.0, 27.0, 64.0), (34.0, 26.0, 64.0), (27.0, 27.0, 64.0), (27.0, 30.0, 64.0), (27.0, 34.0, 64.0), (39.0, 36.0, 105.0), (44.0, 24.0, 105.0), (32.0, 28.0, 32.0), (34.0, 26.0, 64.0), (27.5, 27.5, 80.0), (26.0, 27.0, 32.0), (24.0, 28.0, 32.0), (37.5, 27.5, 80.0), (40.0, 27.0, 32.0), (42.0, 30.0, 56.0), (40.0, 33.0, 44.0), (38, 32, 51), (37.5, 31.5, 40.0), (37.5, 31.5, 40.0), (37.5, 31.5, 40.0), (37.5, 31.5, 40.0), (41.0, 34.0, 64.0), (42.0, 27.0, 64.0), (38.0, 27.0, 64.0), (34.0, 26.0, 64.0), (27.0, 27.0, 64.0), (27.0, 30.0, 64.0), (27.0, 34.0, 64.0), (24.0, 29.0, 32.0), (24.0, 28.0, 32.0), (26.0, 27.0, 32.0), (32.0, 28.0, 32.0), (40.0, 27.0, 32.0), (39.0, 29.0, 105.0), (37.5, 27.5, 80.0), (34.5, 26.5, 80.0), (27.5, 27.5, 80.0), (27.5, 33.5, 80.0), (41.5, 34.5, 80.0), (42.5, 27.5, 80.0), (44.0, 24.0, 105.0), (36.0, 34.0, 105.0), (36, 33, 105), (34.0, 36.0, 105.0), (27.5, 33.5, 80.0), (27.5, 27.5, 80.0), (34.5, 26.5, 80.0), (37.5, 27.5, 80.0), (42.5, 27.5, 80.0), (41.5, 34.5, 80.0), (39.0, 36.0, 105.0), (29.0, 36.0, 105.0), (31.0, 29.0, 105.0), (32.0, 28.0, 32.0), (34.0, 26.0, 64.0), (38.0, 27.0, 64.0), (27.5, 27.5, 80.0), (26.0, 27.0, 32.0), (24.0, 28.0, 32.0), (26.0, 32.0, 44.0), (40.0, 27.0, 32.0), (42.0, 27.0, 64.0), (40.0, 33.0, 44.0), (38, 32, 51), (37.0, 33.0, 31.0), (37.0, 33.0, 31.0), (37.0, 33.0, 31.0), (37.0, 33.0, 31.0)]
