Start 4 3 3 8
Add 0 0 BM 450
Reward 0 7.814690014960329 3.6 0 0
Reward 0 11.103794643412249 4.0 0 0
Reward 0 15.602365780319428 4.2 0 0
Reward 0 22.62233255763639 5.4 0 0
Reward 0 27.261013637368443 2.0 0 0
Reward 0 31.899694717100495 5.0 0 0
Reward 0 36.53837579683255 2.0 0 0
Reward 0 41.1770568765646 3.8 0 0
Reward 0 46.675945628245394 4.8 0 0
Reward 0 52.17483437992619 3.6 0 0
Reward 0 56.81351545965824 2.0 0 0
Reward 0 61.45219653939029 5.6 0 0
Reward 0 65.95076767629747 2.4 0 0
Reward 0 72.97073445361444 5.4 0 0
Reward 0 77.60941553334649 2.0 0 0
Reward 0 82.24809661307854 3.8 0 0
Reward 0 88.56222871531311 4.8 0 0
Reward 0 94.87636081754768 4.8 0 0
Reward 0 99.51504189727973 2.0 0 0
Reward 0 104.15372297701178 5.6 0 0
Reward 0 108.79240405674383 2.0 0 0
Reward 0 113.43108513647589 5.6 0 0
Reward 0 117.92965627338306 1.8 0 0
Reward 0 124.94962305070003 5.4 0 0
Reward 0 130.44851180238084 4.8 0 0
Reward 0 135.94740055406163 3.6 0 0
Reward 0 140.58608163379367 2.0 0 0
Reward 0 145.2247627135257 5.6 0 0
Reward 0 149.72333385043288 2.4 0 0
Reward 0 156.74330062774985 5.4 0 0
Reward 0 161.38198170748188 2.0 0 0
Reward 0 174.38198170748188 3.6 0 0
Reward 0 179.02066278721392 5.6 0 0
Reward 0 183.5192339241211 3.0 0 0
Reward 0 190.53920070143806 5.0 0 0
Reward 0 195.1778817811701 2.0 0 0
Reward 0 199.81656286090214 5.0 0 0
Reward 0 204.45524394063418 2.0 0 0
Reward 0 209.0939250203662 3.8 0 0
Reward 0 214.592813772047 4.8 0 0
Reward 0 220.0917025237278 3.6 0 0
Reward 0 224.73038360345984 2.0 0 0
Reward 0 229.36906468319188 5.6 0 0
Reward 0 233.86763582009905 2.4 0 0
Reward 0 240.88760259741602 5.4 0 0
Reward 0 245.52628367714806 2.0 0 0
Reward 0 250.1649647568801 3.8 0 0
Reward 0 256.4790968591147 4.8 0 0
Reward 0 262.79322896134926 4.8 0 0
Reward 0 267.4319100410813 2.0 0 0
Reward 0 272.0705911208134 5.6 0 0
Reward 0 276.70927220054546 2.0 0 0
Reward 0 281.3479532802775 5.6 0 0
Reward 0 285.8465244171847 1.8 0 0
Reward 0 292.86649119450163 5.4 0 0
Reward 0 304.6479567720565 4.8 0 0
Reward 0 310.1468455237373 2.0 0 0
Reward 0 315.75553297245847 2.8 0 0
Reward 0 320.75553297245847 3.6 0 0
Reward 0 325.39421405219053 4.8 0 0
Reward 0 330.0328951319226 2.0 0 0
Reward 0 339.0328951319226 1.8 0 0
Reward 0 342.3219997603745 0.8 0 0
Reward 0 346.9606808401066 1.0 0 0
Reward 0 355.9606808401066 1.8 0 0
Reward 0 359.2497854685585 0.8 0 0
Reward 0 363.8884665482906 1.0 0 0
Reward 0 368.52714762802265 1.6 0 0
Reward 0 396.0080841673522 3.6 0 0
Reward 0 399.2971887958041 1.6 0 0
Reward 0 403.9358698755362 2.0 0 0
Reward 0 408.57455095526825 3.2 0 0
Reward 0 414.8886830575028 7.2 0 0
Reward 0 421.2028151597374 2.4 0 0
Reward 0 425.84149623946945 2.0 0 0
Reward 0 430.4801773192015 3.2 0 0
Reward 0 435.9790660708823 4.8 0 0
Reward 0 441.4779548225631 3.6 0 0
Reward 0 446.1166359022952 2.0 0 0
Reward 0 450.75531698202724 5.6 0 0
Reward 0 455.2538881189344 2.4 0 0
Reward 0 462.27385489625135 5.4 0 0
Reward 0 466.9125359759834 2.0 0 0
Reward 0 479.9125359759834 3.6 0 0
Reward 0 484.5512170557155 5.6 0 0
Reward 0 489.18989813544755 2.0 0 0
Reward 0 493.8285792151796 5.6 0 0
Reward 0 498.4672602949117 2.0 0 0
Reward 0 503.10594137464375 5.6 0 0
Reward 0 507.7446224543758 2.0 0 0
Reward 0 512.3833035341079 4.0 0 0
Reward 0 522.9874692969422 4.8 0 0
Reward 0 528.4863580486231 3.6 0 0
Reward 0 533.1250391283551 2.0 0 0
Reward 0 537.7637202080871 5.6 0 0
Reward 0 542.2622913449943 2.4 0 0
Reward 0 549.2822581223113 5.4 0 0
Reward 0 553.9209392020433 2.0 0 0
Reward 0 558.5596202817753 3.8 0 0
Reward 0 564.8737523840099 4.8 0 0
Reward 0 571.1878844862445 2.4 0 0
Reward 0 575.8265655659765 2.0 0 0
Reward 0 580.4652466457085 3.2 0 0
Reward 0 593.4652466457085 2.4 0 0
Reward 0 598.1039277254405 2.0 0 0
Hover 0 599.1039277254405
Add 0 600.1039277254405 600 ('BM', 0) 450
Miss 0 600.1039277254405 ('BM', 0) 600 4
Reward 0 600.1039277254405 -36.4 0 40.0
Reward 0 604.7426088051725 3.2 0 0
Reward 0 611.0567409074071 7.2 0 0
Reward 0 617.3708730096416 2.4 0 0
Reward 0 622.0095540893736 2.0 0 0
Reward 0 626.6482351691056 3.2 0 0
Reward 0 632.1471239207865 4.8 0 0
Reward 0 637.6460126724674 3.6 0 0
Reward 0 642.2846937521994 2.0 0 0
Reward 0 646.9233748319314 5.6 0 0
Reward 0 651.4219459688386 2.4 0 0
Reward 0 658.4419127461556 5.4 0 0
Reward 0 663.0805938258876 2.0 0 0
Reward 0 668.0805938258876 3.6 0 0
Reward 0 672.7192749056196 5.6 0 0
Reward 0 677.3579559853516 2.0 0 0
Reward 0 681.9966370650836 5.6 0 0
Reward 0 686.4952082019909 2.4 0 0
Reward 0 693.5151749793079 5.4 0 0
Reward 0 698.1538560590399 2.0 0 0
Reward 0 704.8107103085323 3.6 0 0
Reward 0 721.8107103085323 3.6 0 0
Reward 0 725.0998149369842 4.0 0 0
Reward 0 729.5983860738914 4.2 0 0
Reward 0 736.6183528512084 5.4 0 0
Reward 0 741.2570339309405 2.0 0 0
Reward 0 745.8957150106725 5.0 0 0
Reward 0 750.5343960904045 2.0 0 0
Reward 0 755.1730771701365 3.8 0 0
Reward 0 760.6719659218173 4.8 0 0
Reward 0 766.1708546734982 3.6 0 0
Reward 0 770.8095357532302 2.0 0 0
Reward 0 775.4482168329622 5.6 0 0
Reward 0 779.9467879698694 2.4 0 0
Reward 0 786.9667547471864 5.4 0 0
Reward 0 791.6054358269184 2.0 0 0
Reward 0 796.2441169066504 3.8 0 0
Reward 0 802.558249008885 4.8 0 0
Reward 0 808.8723811111196 4.8 0 0
Reward 0 813.5110621908516 2.0 0 0
Reward 0 818.1497432705836 5.6 0 0
Reward 0 822.7884243503156 2.0 0 0
Reward 0 827.4271054300476 5.6 0 0
Reward 0 831.9256765669548 1.8 0 0
Reward 0 838.9456433442718 5.4 0 0
Reward 0 844.4445320959527 4.8 0 0
Reward 0 849.9434208476335 3.6 0 0
Reward 0 854.5821019273656 2.0 0 0
Reward 0 859.2207830070976 5.6 0 0
Reward 0 863.7193541440048 2.4 0 0
Reward 0 870.7393209213218 5.4 0 0
Reward 0 875.3780020010538 2.0 0 0
Reward 0 888.3780020010538 3.6 0 0
Reward 0 893.0166830807858 5.6 0 0
Reward 0 897.515254217693 3.0 0 0
Reward 0 904.53522099501 5.0 0 0
Reward 0 909.173902074742 2.0 0 0
Reward 0 913.812583154474 5.0 0 0
Reward 0 918.4512642342061 2.0 0 0
Reward 0 923.0899453139381 3.8 0 0
Reward 0 928.5888340656189 4.8 0 0
Reward 0 934.0877228172998 3.6 0 0
Reward 0 938.7264038970318 2.0 0 0
Reward 0 943.3650849767638 5.6 0 0
Reward 0 947.863656113671 2.4 0 0
Reward 0 954.883622890988 5.4 0 0
Reward 0 959.52230397072 2.0 0 0
Reward 0 964.160985050452 3.8 0 0
Reward 0 970.4751171526866 4.8 0 0
Reward 0 976.7892492549212 4.8 0 0
Reward 0 981.4279303346532 2.0 0 0
Reward 0 986.0666114143852 5.6 0 0
Reward 0 990.7052924941172 2.0 0 0
Reward 0 995.3439735738492 5.6 0 0
Reward 0 999.8425447107564 1.8 0 0
Reward 0 1006.8625114880734 5.4 0 0
Reward 0 1018.6439770656283 4.8 0 0
Reward 0 1024.142865817309 2.0 0 0
Reward 0 1029.7515532660302 2.8 0 0
Reward 0 1034.7515532660302 3.6 0 0
Reward 0 1039.3902343457623 4.8 0 0
Reward 0 1044.0289154254945 2.0 0 0
Reward 0 1049.0289154254945 1.8 0 0
Reward 0 1053.6675965052266 1.6 0 0
Reward 0 1059.1664852569074 1.2 0 0
Reward 0 1064.6653740085883 1.2 0 0
Reward 0 1069.3040550883204 1.0 0 0
Reward 0 1073.9427361680525 1.6 0 0
Reward 0 1101.4236727073821 3.6 0 0
Reward 0 1104.712777335834 1.6 0 0
Reward 0 1109.3514584155662 2.0 0 0
Reward 0 1113.9901394952983 3.2 0 0
Reward 0 1120.304271597533 7.2 0 0
Reward 0 1126.6184036997677 2.4 0 0
Reward 0 1131.2570847794998 2.0 0 0
Reward 0 1135.895765859232 3.2 0 0
Reward 0 1141.3946546109128 4.8 0 0
Reward 0 1146.8935433625936 3.6 0 0
Reward 0 1151.5322244423257 2.0 0 0
Reward 0 1156.1709055220579 5.6 0 0
Reward 0 1160.669476658965 2.4 0 0
Reward 0 1167.689443436282 5.4 0 0
Reward 0 1172.3281245160142 2.0 0 0
Hover 0 1173.3281245160142
Hover 0 1174.3281245160142
Hover 0 1175.3281245160142
Hover 0 1176.3281245160142
Hover 0 1177.3281245160142
Hover 0 1178.3281245160142
Hover 0 1179.3281245160142
Hover 0 1180.3281245160142
Hover 0 1181.3281245160142
Hover 0 1182.3281245160142
Hover 0 1183.3281245160142
Hover 0 1184.3281245160142
Hover 0 1185.3281245160142
Hover 0 1186.3281245160142
Hover 0 1187.3281245160142
Hover 0 1188.3281245160142
Hover 0 1189.3281245160142
Hover 0 1190.3281245160142
Hover 0 1191.3281245160142
Hover 0 1192.3281245160142
Hover 0 1193.3281245160142
Hover 0 1194.3281245160142
Hover 0 1195.3281245160142
Hover 0 1196.3281245160142
Hover 0 1197.3281245160142
Hover 0 1198.3281245160142
Hover 0 1199.3281245160142
Add 0 1200.3281245160142 1200.0 ('BM', 0) 450
Miss 0 1200.3281245160142 ('BM', 0) 1200.0 0
Reward 0 1200.3281245160142 3.6 0 0.0
Time 0 2.2828116416931152
Total 0 695.2000000000002 40.0 238 [(0, 0, 0), (1.0, 1.0, 31.0), (1.5, 1.5, 40.0), (2.0, 2.0, 56.0), (4.5, 1.5, 40.0), (5.0, 3.0, 31.0), (4.5, 4.5, 40.0), (3.0, 5.0, 31.0), (1.5, 4.5, 40.0), (2.0, 6.0, 56.0), (1.5, 7.5, 40.0), (1.0, 9.0, 31.0), (1.5, 10.5, 40.0), (2.0, 10.0, 56.0), (4.5, 10.5, 40.0), (5.0, 9.0, 31.0), (4.5, 7.5, 40.0), (6.0, 6.0, 56.0), (7.5, 7.5, 40.0), (7.0, 9.0, 31.0), (7.5, 10.5, 40.0), (9.0, 11.0, 31.0), (10.5, 10.5, 40.0), (10.0, 10.0, 56.0), (10.5, 7.5, 40.0), (10.0, 6.0, 56.0), (10.5, 4.5, 40.0), (11.0, 3.0, 31.0), (10.5, 1.5, 40.0), (10.0, 2.0, 56.0), (7.5, 1.5, 40.0), (7.0, 3.0, 31.0), (13.0, 3.0, 31.0), (13.5, 1.5, 40.0), (14.0, 2.0, 56.0), (13.5, 4.5, 40.0), (15.0, 5.0, 31.0), (16.5, 4.5, 40.0), (17.0, 3.0, 31.0), (16.5, 1.5, 40.0), (18.0, 2.0, 56.0), (19.5, 1.5, 40.0), (21.0, 1.0, 31.0), (22.5, 1.5, 40.0), (22.0, 2.0, 56.0), (22.5, 4.5, 40.0), (21.0, 5.0, 31.0), (19.5, 4.5, 40.0), (18.0, 6.0, 56.0), (16.5, 7.5, 40.0), (17.0, 9.0, 31.0), (16.5, 10.5, 40.0), (15.0, 11.0, 31.0), (13.5, 10.5, 40.0), (14.0, 10.0, 56.0), (13.5, 7.5, 40.0), (18.0, 10.0, 56.0), (19.5, 10.5, 40.0), (21.0, 9.0, 31.0), (23.0, 9.0, 31.0), (22.5, 7.5, 40.0), (21.0, 7.0, 31.0), (25.0, 7.0, 31.0), (25.5, 7.5, 40.0), (25.0, 9.0, 31.0), (25.0, 5.0, 31.0), (25.5, 4.5, 40.0), (25.0, 3.0, 31.0), (25.5, 1.5, 40.0), (19.0, 13.0, 31.0), (19.5, 13.5, 40.0), (19.0, 15.0, 31.0), (19.5, 16.5, 40.0), (18.0, 18.0, 56.0), (16.5, 19.5, 40.0), (15.0, 19.0, 31.0), (13.5, 19.5, 40.0), (14.0, 18.0, 56.0), (13.5, 16.5, 40.0), (13.0, 15.0, 31.0), (13.5, 13.5, 40.0), (14.0, 14.0, 56.0), (16.5, 13.5, 40.0), (17.0, 15.0, 31.0), (11.0, 15.0, 31.0), (10.5, 16.5, 40.0), (9.0, 17.0, 31.0), (7.5, 16.5, 40.0), (7.0, 15.0, 31.0), (7.5, 13.5, 40.0), (9.0, 13.0, 31.0), (10.5, 13.5, 40.0), (6.0, 14.0, 56.0), (4.5, 13.5, 40.0), (3.0, 13.0, 31.0), (1.5, 13.5, 40.0), (2.0, 14.0, 56.0), (1.5, 16.5, 40.0), (3.0, 17.0, 31.0), (4.5, 16.5, 40.0), (6.0, 18.0, 56.0), (7.5, 19.5, 40.0), (9.0, 19.0, 31.0), (10.5, 19.5, 40.0), (4.5, 19.5, 40.0), (3.0, 19.0, 31.0), (3.0, 19.0, 31.0), (3.0, 19.0, 31.0), (4.5, 19.5, 40.0), (6.0, 18.0, 56.0), (7.5, 19.5, 40.0), (9.0, 19.0, 31.0), (10.5, 19.5, 40.0), (10.0, 18.0, 56.0), (10.5, 16.5, 40.0), (11.0, 15.0, 31.0), (10.5, 13.5, 40.0), (10.0, 14.0, 56.0), (7.5, 13.5, 40.0), (7.0, 15.0, 31.0), (5.0, 15.0, 31.0), (4.5, 13.5, 40.0), (3.0, 13.0, 31.0), (1.5, 13.5, 40.0), (2.0, 14.0, 56.0), (1.5, 16.5, 40.0), (3.0, 17.0, 31.0), (1.0, 19.0, 31.0), (1.0, 11.0, 31.0), (1.5, 10.5, 40.0), (2.0, 10.0, 56.0), (4.5, 10.5, 40.0), (5.0, 9.0, 31.0), (4.5, 7.5, 40.0), (3.0, 7.0, 31.0), (1.5, 7.5, 40.0), (2.0, 6.0, 56.0), (1.5, 4.5, 40.0), (1.0, 3.0, 31.0), (1.5, 1.5, 40.0), (2.0, 2.0, 56.0), (4.5, 1.5, 40.0), (5.0, 3.0, 31.0), (4.5, 4.5, 40.0), (6.0, 6.0, 56.0), (7.5, 7.5, 40.0), (7.0, 9.0, 31.0), (7.5, 10.5, 40.0), (9.0, 11.0, 31.0), (10.5, 10.5, 40.0), (10.0, 10.0, 56.0), (10.5, 7.5, 40.0), (10.0, 6.0, 56.0), (10.5, 4.5, 40.0), (11.0, 3.0, 31.0), (10.5, 1.5, 40.0), (10.0, 2.0, 56.0), (7.5, 1.5, 40.0), (7.0, 3.0, 31.0), (13.0, 3.0, 31.0), (13.5, 1.5, 40.0), (14.0, 2.0, 56.0), (13.5, 4.5, 40.0), (15.0, 5.0, 31.0), (16.5, 4.5, 40.0), (17.0, 3.0, 31.0), (16.5, 1.5, 40.0), (18.0, 2.0, 56.0), (19.5, 1.5, 40.0), (21.0, 1.0, 31.0), (22.5, 1.5, 40.0), (22.0, 2.0, 56.0), (22.5, 4.5, 40.0), (21.0, 5.0, 31.0), (19.5, 4.5, 40.0), (18.0, 6.0, 56.0), (16.5, 7.5, 40.0), (17.0, 9.0, 31.0), (16.5, 10.5, 40.0), (15.0, 11.0, 31.0), (13.5, 10.5, 40.0), (14.0, 10.0, 56.0), (13.5, 7.5, 40.0), (18.0, 10.0, 56.0), (19.5, 10.5, 40.0), (21.0, 9.0, 31.0), (21.0, 7.0, 31.0), (22.5, 7.5, 40.0), (23.0, 9.0, 31.0), (25.0, 9.0, 31.0), (25.5, 7.5, 40.0), (26.0, 6.0, 56.0), (25.5, 4.5, 40.0), (25.0, 3.0, 31.0), (25.5, 1.5, 40.0), (19.0, 13.0, 31.0), (19.5, 13.5, 40.0), (19.0, 15.0, 31.0), (19.5, 16.5, 40.0), (18.0, 18.0, 56.0), (16.5, 19.5, 40.0), (15.0, 19.0, 31.0), (13.5, 19.5, 40.0), (14.0, 18.0, 56.0), (13.5, 16.5, 40.0), (13.0, 15.0, 31.0), (13.5, 13.5, 40.0), (14.0, 14.0, 56.0), (16.5, 13.5, 40.0), (17.0, 15.0, 31.0), (17.0, 15.0, 31.0), (17.0, 15.0, 31.0), (17.0, 15.0, 31.0), (17.0, 15.0, 31.0), (17.0, 15.0, 31.0), (17.0, 15.0, 31.0), (17.0, 15.0, 31.0), (17.0, 15.0, 31.0), (17.0, 15.0, 31.0), (17.0, 15.0, 31.0), (17.0, 15.0, 31.0), (17.0, 15.0, 31.0), (17.0, 15.0, 31.0), (17.0, 15.0, 31.0), (17.0, 15.0, 31.0), (17.0, 15.0, 31.0), (17.0, 15.0, 31.0), (17.0, 15.0, 31.0), (17.0, 15.0, 31.0), (17.0, 15.0, 31.0), (17.0, 15.0, 31.0), (17.0, 15.0, 31.0), (17.0, 15.0, 31.0), (17.0, 15.0, 31.0), (17.0, 15.0, 31.0), (17.0, 15.0, 31.0), (17.0, 15.0, 31.0), (17.0, 15.0, 31.0)]
Add 1 0 BM 1101
Reward 1 44.36791238661636 0 4.0 0
Reward 1 50.36791238661636 0 4.0 0
Reward 1 56.36791238661636 0 4.0 0
Reward 1 62.36791238661636 0 4.0 0
Reward 1 68.36791238661635 0 4.0 0
Reward 1 74.36791238661635 0 4.0 0
Reward 1 80.36791238661635 0 4.0 0
Reward 1 86.36791238661635 0 4.0 0
Reward 1 92.36791238661635 0 4.0 0
Reward 1 98.36791238661635 0 4.0 0
Reward 1 104.36791238661635 0 4.0 0
Reward 1 110.36791238661635 0 4.0 0
Reward 1 116.36791238661635 0 4.0 0
Reward 1 122.36791238661635 0 4.0 0
Reward 1 128.36791238661635 0 4.0 0
Reward 1 134.36791238661635 0 4.0 0
Reward 1 140.36791238661635 0 4.0 0
Reward 1 146.36791238661635 0 4.0 0
Reward 1 152.36791238661635 0 4.0 0
Reward 1 158.36791238661635 0 4.0 0
Reward 1 164.36791238661635 0 4.0 0
Reward 1 170.36791238661635 0 4.0 0
Reward 1 176.36791238661635 0 4.0 0
Reward 1 182.36791238661635 0 4.0 0
Reward 1 188.36791238661635 0 4.0 0
Reward 1 194.36791238661635 0 4.0 0
Reward 1 200.36791238661635 0 4.0 0
Reward 1 206.36791238661635 0 4.0 0
Reward 1 212.36791238661635 0 4.0 0
Reward 1 218.36791238661635 0 4.0 0
Reward 1 224.36791238661635 0 4.0 0
Reward 1 230.36791238661635 0 4.0 0
Reward 1 236.36791238661635 0 4.0 0
Reward 1 242.36791238661635 0 4.0 0
Reward 1 248.36791238661635 0 4.0 0
Reward 1 254.36791238661635 0 4.0 0
Reward 1 260.36791238661635 0 4.0 0
Reward 1 266.36791238661635 0 4.0 0
Reward 1 272.36791238661635 0 4.0 0
Reward 1 278.36791238661635 0 4.0 0
Reward 1 284.36791238661635 0 4.0 0
Reward 1 290.36791238661635 0 4.0 0
Reward 1 296.36791238661635 0 4.0 0
Reward 1 302.36791238661635 0 4.0 0
Reward 1 308.36791238661635 0 4.0 0
Reward 1 314.36791238661635 0 4.0 0
Reward 1 320.36791238661635 0 2.0 0
Reward 1 326.36791238661635 0 2.0 0
Reward 1 334.77415933783516 0 0.8 0
Reward 1 344.32664237323485 0 1.2 0
Reward 1 350.32664237323485 0 4.0 0
Reward 1 356.32664237323485 0 4.0 0
Reward 1 362.32664237323485 0 4.0 0
Reward 1 368.32664237323485 0 4.0 0
Reward 1 374.32664237323485 0 4.0 0
Reward 1 380.32664237323485 0 4.0 0
Reward 1 386.32664237323485 0 4.0 0
Reward 1 392.32664237323485 0 4.0 0
Reward 1 398.32664237323485 0 4.0 0
Reward 1 404.32664237323485 0 2.0 0
Reward 1 410.32664237323485 0 2.0 0
Reward 1 416.32664237323485 0 2.0 0
Reward 1 422.32664237323485 0 2.0 0
Reward 1 428.32664237323485 0 4.0 0
Reward 1 434.32664237323485 0 4.0 0
Reward 1 440.32664237323485 0 4.0 0
Reward 1 446.32664237323485 0 4.0 0
Reward 1 452.32664237323485 0 4.0 0
Reward 1 458.32664237323485 0 4.0 0
Reward 1 464.32664237323485 0 4.0 0
Reward 1 470.32664237323485 0 4.0 0
Reward 1 476.32664237323485 0 4.0 0
Reward 1 482.32664237323485 0 4.0 0
Reward 1 488.32664237323485 0 4.0 0
Reward 1 494.32664237323485 0 4.0 0
Reward 1 500.32664237323485 0 4.0 0
Reward 1 506.32664237323485 0 4.0 0
Reward 1 512.3266423732348 0 4.0 0
Reward 1 518.3266423732348 0 4.0 0
Reward 1 524.3266423732348 0 4.0 0
Reward 1 530.3266423732348 0 4.0 0
Reward 1 599.5575876291213 306.0 0 0
Add 1 601.5575876291213 600 ('BM', 0) 1101
Miss 1 601.5575876291213 ('BM', 0) 600 795
Reward 1 601.5575876291213 -7950.0 0 7950.0
Reward 1 609.8821429494581 0 4.0 0
Reward 1 615.8821429494581 0 4.0 0
Reward 1 621.8821429494581 0 4.0 0
Reward 1 627.8821429494581 0 4.0 0
Reward 1 633.8821429494581 0 4.0 0
Reward 1 639.8821429494581 0 4.0 0
Reward 1 645.8821429494581 0 4.0 0
Reward 1 651.8821429494581 0 4.0 0
Reward 1 657.8821429494581 0 4.0 0
Reward 1 663.8821429494581 0 4.0 0
Reward 1 669.8821429494581 0 4.0 0
