Start 4 3 3 9
Add 0 0 BM 450
Reward 0 7.814690014960329 3.6 0 0
Reward 0 11.103794643412249 4.0 0 0
Reward 0 15.602365780319428 4.2 0 0
Reward 0 22.62233255763639 5.4 0 0
Reward 0 27.261013637368443 2.0 0 0
Reward 0 31.899694717100495 5.0 0 0
Reward 0 36.53837579683255 2.0 0 0
Reward 0 41.1770568765646 3.8 0 0
Reward 0 46.675945628245394 4.8 0 0
Reward 0 52.17483437992619 3.6 0 0
Reward 0 56.81351545965824 2.0 0 0
Reward 0 61.45219653939029 5.6 0 0
Reward 0 65.95076767629747 2.4 0 0
Reward 0 72.97073445361444 5.4 0 0
Reward 0 77.60941553334649 2.0 0 0
Reward 0 82.24809661307854 3.8 0 0
Reward 0 88.56222871531311 4.8 0 0
Reward 0 94.87636081754768 4.8 0 0
Reward 0 99.51504189727973 2.0 0 0
Reward 0 104.15372297701178 5.6 0 0
Reward 0 108.79240405674383 2.0 0 0
Reward 0 113.43108513647589 5.6 0 0
Reward 0 117.92965627338306 1.8 0 0
Reward 0 124.94962305070003 5.4 0 0
Reward 0 130.44851180238084 4.8 0 0
Reward 0 135.94740055406163 3.6 0 0
Reward 0 140.58608163379367 2.0 0 0
Reward 0 145.2247627135257 5.6 0 0
Reward 0 149.72333385043288 2.4 0 0
Reward 0 156.74330062774985 5.4 0 0
Reward 0 161.38198170748188 2.0 0 0
Reward 0 174.38198170748188 3.6 0 0
Reward 0 179.02066278721392 5.6 0 0
Reward 0 183.5192339241211 3.0 0 0
Reward 0 190.53920070143806 5.0 0 0
Reward 0 195.1778817811701 2.0 0 0
Reward 0 199.81656286090214 5.0 0 0
Reward 0 204.45524394063418 2.0 0 0
Reward 0 209.0939250203662 3.8 0 0
Reward 0 214.592813772047 4.8 0 0
Reward 0 220.0917025237278 3.6 0 0
Reward 0 224.73038360345984 2.0 0 0
Reward 0 229.36906468319188 5.6 0 0
Reward 0 233.86763582009905 2.4 0 0
Reward 0 240.88760259741602 5.4 0 0
Reward 0 245.52628367714806 2.0 0 0
Reward 0 250.1649647568801 3.8 0 0
Reward 0 256.4790968591147 4.8 0 0
Reward 0 262.79322896134926 4.8 0 0
Reward 0 267.4319100410813 2.0 0 0
Reward 0 272.0705911208134 5.6 0 0
Reward 0 276.70927220054546 2.0 0 0
Reward 0 281.3479532802775 5.6 0 0
Reward 0 285.8465244171847 1.8 0 0
Reward 0 292.86649119450163 5.4 0 0
Reward 0 304.6479567720565 4.8 0 0
Reward 0 310.1468455237373 2.0 0 0
Reward 0 315.75553297245847 2.8 0 0
Reward 0 320.75553297245847 3.6 0 0
Reward 0 325.39421405219053 4.8 0 0
Reward 0 330.0328951319226 2.0 0 0
Reward 0 339.0328951319226 1.8 0 0
Reward 0 342.3219997603745 0.8 0 0
Reward 0 346.9606808401066 1.0 0 0
Reward 0 355.9606808401066 1.8 0 0
Reward 0 359.2497854685585 0.8 0 0
Reward 0 363.8884665482906 1.0 0 0
Reward 0 368.52714762802265 1.6 0 0
Reward 0 396.0080841673522 3.6 0 0
Reward 0 399.2971887958041 1.6 0 0
Reward 0 403.9358698755362 2.0 0 0
Reward 0 408.57455095526825 3.2 0 0
Reward 0 414.8886830575028 7.2 0 0
Reward 0 421.2028151597374 2.4 0 0
Reward 0 425.84149623946945 2.0 0 0
Reward 0 430.4801773192015 3.2 0 0
Reward 0 435.9790660708823 4.8 0 0
Reward 0 441.4779548225631 3.6 0 0
Reward 0 446.1166359022952 2.0 0 0
Reward 0 450.75531698202724 5.6 0 0
Reward 0 455.2538881189344 2.4 0 0
Reward 0 462.27385489625135 5.4 0 0
Reward 0 466.9125359759834 2.0 0 0
Reward 0 479.9125359759834 3.6 0 0
Reward 0 484.5512170557155 5.6 0 0
Reward 0 489.18989813544755 2.0 0 0
Reward 0 493.8285792151796 5.6 0 0
Reward 0 498.4672602949117 2.0 0 0
Reward 0 503.10594137464375 5.6 0 0
Reward 0 507.7446224543758 2.0 0 0
Reward 0 512.3833035341079 4.0 0 0
Reward 0 522.9874692969422 4.8 0 0
Reward 0 528.4863580486231 3.6 0 0
Reward 0 533.1250391283551 2.0 0 0
Reward 0 537.7637202080871 5.6 0 0
Reward 0 542.2622913449943 2.4 0 0
Reward 0 549.2822581223113 5.4 0 0
Reward 0 553.9209392020433 2.0 0 0
Reward 0 558.5596202817753 3.8 0 0
Reward 0 564.8737523840099 4.8 0 0
Reward 0 571.1878844862445 2.4 0 0
Reward 0 575.8265655659765 2.0 0 0
Reward 0 580.4652466457085 3.2 0 0
Reward 0 593.4652466457085 2.4 0 0
Reward 0 598.1039277254405 2.0 0 0
Hover 0 599.1039277254405
Add 0 600.1039277254405 600 ('BM', 0) 450
Miss 0 600.1039277254405 ('BM', 0) 600 4
Reward 0 600.1039277254405 -36.4 0 40.0
Reward 0 604.7426088051725 3.2 0 0
Reward 0 611.0567409074071 7.2 0 0
Reward 0 617.3708730096416 2.4 0 0
Reward 0 622.0095540893736 2.0 0 0
Reward 0 626.6482351691056 3.2 0 0
Reward 0 632.1471239207865 4.8 0 0
Reward 0 637.6460126724674 3.6 0 0
Reward 0 642.2846937521994 2.0 0 0
Reward 0 646.9233748319314 5.6 0 0
Reward 0 651.4219459688386 2.4 0 0
Reward 0 658.4419127461556 5.4 0 0
Reward 0 663.0805938258876 2.0 0 0
Reward 0 668.0805938258876 3.6 0 0
Reward 0 672.7192749056196 5.6 0 0
Reward 0 677.3579559853516 2.0 0 0
Reward 0 681.9966370650836 5.6 0 0
Reward 0 686.4952082019909 2.4 0 0
Reward 0 693.5151749793079 5.4 0 0
Reward 0 698.1538560590399 2.0 0 0
Reward 0 704.8107103085323 3.6 0 0
Reward 0 721.8107103085323 3.6 0 0
Reward 0 725.0998149369842 4.0 0 0
Reward 0 729.5983860738914 4.2 0 0
Reward 0 736.6183528512084 5.4 0 0
Reward 0 741.2570339309405 2.0 0 0
Reward 0 745.8957150106725 5.0 0 0
Reward 0 750.5343960904045 2.0 0 0
Reward 0 755.1730771701365 3.8 0 0
Reward 0 760.6719659218173 4.8 0 0
Reward 0 766.1708546734982 3.6 0 0
Reward 0 770.8095357532302 2.0 0 0
Reward 0 775.4482168329622 5.6 0 0
Reward 0 779.9467879698694 2.4 0 0
Reward 0 786.9667547471864 5.4 0 0
Reward 0 791.6054358269184 2.0 0 0
Reward 0 796.2441169066504 3.8 0 0
Reward 0 802.558249008885 4.8 0 0
Reward 0 808.8723811111196 4.8 0 0
Reward 0 813.5110621908516 2.0 0 0
Reward 0 818.1497432705836 5.6 0 0
Reward 0 822.7884243503156 2.0 0 0
Reward 0 827.4271054300476 5.6 0 0
Reward 0 831.9256765669548 1.8 0 0
Reward 0 838.9456433442718 5.4 0 0
Reward 0 844.4445320959527 4.8 0 0
Reward 0 849.9434208476335 3.6 0 0
Reward 0 854.5821019273656 2.0 0 0
Reward 0 859.2207830070976 5.6 0 0
Reward 0 863.7193541440048 2.4 0 0
Reward 0 870.7393209213218 5.4 0 0
Reward 0 875.3780020010538 2.0 0 0
Reward 0 888.3780020010538 3.6 0 0
Reward 0 893.0166830807858 5.6 0 0
Reward 0 897.515254217693 3.0 0 0
Reward 0 904.53522099501 5.0 0 0
Reward 0 909.173902074742 2.0 0 0
Reward 0 913.812583154474 5.0 0 0
Reward 0 918.4512642342061 2.0 0 0
Reward 0 923.0899453139381 3.8 0 0
Reward 0 928.5888340656189 4.8 0 0
Reward 0 934.0877228172998 3.6 0 0
Reward 0 938.7264038970318 2.0 0 0
Reward 0 943.3650849767638 5.6 0 0
Reward 0 947.863656113671 2.4 0 0
Reward 0 954.883622890988 5.4 0 0
Reward 0 959.52230397072 2.0 0 0
Reward 0 964.160985050452 3.8 0 0
Reward 0 970.4751171526866 4.8 0 0
Reward 0 976.7892492549212 4.8 0 0
Reward 0 981.4279303346532 2.0 0 0
Reward 0 986.0666114143852 5.6 0 0
Reward 0 990.7052924941172 2.0 0 0
Reward 0 995.3439735738492 5.6 0 0
Reward 0 999.8425447107564 1.8 0 0
Reward 0 1006.8625114880734 5.4 0 0
Reward 0 1018.6439770656283 4.8 0 0
Reward 0 1024.142865817309 2.0 0 0
Reward 0 1029.7515532660302 2.8 0 0
Reward 0 1034.7515532660302 3.6 0 0
Reward 0 1039.3902343457623 4.8 0 0
Reward 0 1044.0289154254945 2.0 0 0
Reward 0 1049.0289154254945 1.8 0 0
Reward 0 1053.6675965052266 1.6 0 0
Reward 0 1059.1664852569074 1.2 0 0
Reward 0 1064.6653740085883 1.2 0 0
Reward 0 1069.3040550883204 1.0 0 0
Reward 0 1073.9427361680525 1.6 0 0
Reward 0 1101.4236727073821 3.6 0 0
Reward 0 1104.712777335834 1.6 0 0
Reward 0 1109.3514584155662 2.0 0 0
Reward 0 1113.9901394952983 3.2 0 0
Reward 0 1120.304271597533 7.2 0 0
Reward 0 1126.6184036997677 2.4 0 0
Reward 0 1131.2570847794998 2.0 0 0
Reward 0 1135.895765859232 3.2 0 0
Reward 0 1141.3946546109128 4.8 0 0
Reward 0 1146.8935433625936 3.6 0 0
Reward 0 1151.5322244423257 2.0 0 0
Reward 0 1156.1709055220579 5.6 0 0
Reward 0 1160.669476658965 2.4 0 0
Reward 0 1167.689443436282 5.4 0 0
Reward 0 1172.3281245160142 2.0 0 0
Hover 0 1173.3281245160142
Hover 0 1174.3281245160142
Hover 0 1175.3281245160142
Hover 0 1176.3281245160142
Hover 0 1177.3281245160142
Hover 0 1178.3281245160142
Hover 0 1179.3281245160142
Hover 0 1180.3281245160142
Hover 0 1181.3281245160142
Hover 0 1182.3281245160142
Hover 0 1183.3281245160142
Hover 0 1184.3281245160142
Hover 0 1185.3281245160142
Hover 0 1186.3281245160142
Hover 0 1187.3281245160142
Hover 0 1188.3281245160142
Hover 0 1189.3281245160142
Hover 0 1190.3281245160142
Hover 0 1191.3281245160142
Hover 0 1192.3281245160142
Hover 0 1193.3281245160142
Hover 0 1194.3281245160142
Hover 0 1195.3281245160142
Hover 0 1196.3281245160142
Hover 0 1197.3281245160142
Hover 0 1198.3281245160142
Hover 0 1199.3281245160142
Add 0 1200.3281245160142 1200.0 ('BM', 0) 450
Miss 0 1200.3281245160142 ('BM', 0) 1200.0 0
Reward 0 1200.3281245160142 3.6 0 0.0
Time 0 2.251099109649658
Total 0 695.2000000000002 40.0 238 [(0, 0, 0), (1.0, 1.0, 31.0), (1.5, 1.5, 40.0), (2.0, 2.0, 56.0), (4.5, 1.5, 40.0), (5.0, 3.0, 31.0), (4.5, 4.5, 40.0), (3.0, 5.0, 31.0), (1.5, 4.5, 40.0), (2.0, 6.0, 56.0), (1.5, 7.5, 40.0), (1.0, 9.0, 31.0), (1.5, 10.5, 40.0), (2.0, 10.0, 56.0), (4.5, 10.5, 40.0), (5.0, 9.0, 31.0), (4.5, 7.5, 40.0), (6.0, 6.0, 56.0), (7.5, 7.5, 40.0), (7.0, 9.0, 31.0), (7.5, 10.5, 40.0), (9.0, 11.0, 31.0), (10.5, 10.5, 40.0), (10.0, 10.0, 56.0), (10.5, 7.5, 40.0), (10.0, 6.0, 56.0), (10.5, 4.5, 40.0), (11.0, 3.0, 31.0), (10.5, 1.5, 40.0), (10.0, 2.0, 56.0), (7.5, 1.5, 40.0), (7.0, 3.0, 31.0), (13.0, 3.0, 31.0), (13.5, 1.5, 40.0), (14.0, 2.0, 56.0), (13.5, 4.5, 40.0), (15.0, 5.0, 31.0), (16.5, 4.5, 40.0), (17.0, 3.0, 31.0), (16.5, 1.5, 40.0), (18.0, 2.0, 56.0), (19.5, 1.5, 40.0), (21.0, 1.0, 31.0), (22.5, 1.5, 40.0), (22.0, 2.0, 56.0), (22.5, 4.5, 40.0), (21.0, 5.0, 31.0), (19.5, 4.5, 40.0), (18.0, 6.0, 56.0), (16.5, 7.5, 40.0), (17.0, 9.0, 31.0), (16.5, 10.5, 40.0), (15.0, 11.0, 31.0), (13.5, 10.5, 40.0), (14.0, 10.0, 56.0), (13.5, 7.5, 40.0), (18.0, 10.0, 56.0), (19.5, 10.5, 40.0), (21.0, 9.0, 31.0), (23.0, 9.0, 31.0), (22.5, 7.5, 40.0), (21.0, 7.0, 31.0), (25.0, 7.0, 31.0), (25.5, 7.5, 40.0), (25.0, 9.0, 31.0), (25.0, 5.0, 31.0), (25.5, 4.5, 40.0), (25.0, 3.0, 31.0), (25.5, 1.5, 40.0), (19.0, 13.0, 31.0), (19.5, 13.5, 40.0), (19.0, 15.0, 31.0), (19.5, 16.5, 40.0), (18.0, 18.0, 56.0), (16.5, 19.5, 40.0), (15.0, 19.0, 31.0), (13.5, 19.5, 40.0), (14.0, 18.0, 56.0), (13.5, 16.5, 40.0), (13.0, 15.0, 31.0), (13.5, 13.5, 40.0), (14.0, 14.0, 56.0), (16.5, 13.5, 40.0), (17.0, 15.0, 31.0), (11.0, 15.0, 31.0), (10.5, 16.5, 40.0), (9.0, 17.0, 31.0), (7.5, 16.5, 40.0), (7.0, 15.0, 31.0), (7.5, 13.5, 40.0), (9.0, 13.0, 31.0), (10.5, 13.5, 40.0), (6.0, 14.0, 56.0), (4.5, 13.5, 40.0), (3.0, 13.0, 31.0), (1.5, 13.5, 40.0), (2.0, 14.0, 56.0), (1.5, 16.5, 40.0), (3.0, 17.0, 31.0), (4.5, 16.5, 40.0), (6.0, 18.0, 56.0), (7.5, 19.5, 40.0), (9.0, 19.0, 31.0), (10.5, 19.5, 40.0), (4.5, 19.5, 40.0), (3.0, 19.0, 31.0), (3.0, 19.0, 31.0), (3.0, 19.0, 31.0), (4.5, 19.5, 40.0), (6.0, 18.0, 56.0), (7.5, 19.5, 40.0), (9.0, 19.0, 31.0), (10.5, 19.5, 40.0), (10.0, 18.0, 56.0), (10.5, 16.5, 40.0), (11.0, 15.0, 31.0), (10.5, 13.5, 40.0), (10.0, 14.0, 56.0), (7.5, 13.5, 40.0), (7.0, 15.0, 31.0), (5.0, 15.0, 31.0), (4.5, 13.5, 40.0), (3.0, 13.0, 31.0), (1.5, 13.5, 40.0), (2.0, 14.0, 56.0), (1.5, 16.5, 40.0), (3.0, 17.0, 31.0), (1.0, 19.0, 31.0), (1.0, 11.0, 31.0), (1.5, 10.5, 40.0), (2.0, 10.0, 56.0), (4.5, 10.5, 40.0), (5.0, 9.0, 31.0), (4.5, 7.5, 40.0), (3.0, 7.0, 31.0), (1.5, 7.5, 40.0), (2.0, 6.0, 56.0), (1.5, 4.5, 40.0), (1.0, 3.0, 31.0), (1.5, 1.5, 40.0), (2.0, 2.0, 56.0), (4.5, 1.5, 40.0), (5.0, 3.0, 31.0), (4.5, 4.5, 40.0), (6.0, 6.0, 56.0), (7.5, 7.5, 40.0), (7.0, 9.0, 31.0), (7.5, 10.5, 40.0), (9.0, 11.0, 31.0), (10.5, 10.5, 40.0), (10.0, 10.0, 56.0), (10.5, 7.5, 40.0), (10.0, 6.0, 56.0), (10.5, 4.5, 40.0), (11.0, 3.0, 31.0), (10.5, 1.5, 40.0), (10.0, 2.0, 56.0), (7.5, 1.5, 40.0), (7.0, 3.0, 31.0), (13.0, 3.0, 31.0), (13.5, 1.5, 40.0), (14.0, 2.0, 56.0), (13.5, 4.5, 40.0), (15.0, 5.0, 31.0), (16.5, 4.5, 40.0), (17.0, 3.0, 31.0), (16.5, 1.5, 40.0), (18.0, 2.0, 56.0), (19.5, 1.5, 40.0), (21.0, 1.0, 31.0), (22.5, 1.5, 40.0), (22.0, 2.0, 56.0), (22.5, 4.5, 40.0), (21.0, 5.0, 31.0), (19.5, 4.5, 40.0), (18.0, 6.0, 56.0), (16.5, 7.5, 40.0), (17.0, 9.0, 31.0), (16.5, 10.5, 40.0), (15.0, 11.0, 31.0), (13.5, 10.5, 40.0), (14.0, 10.0, 56.0), (13.5, 7.5, 40.0), (18.0, 10.0, 56.0), (19.5, 10.5, 40.0), (21.0, 9.0, 31.0), (21.0, 7.0, 31.0), (22.5, 7.5, 40.0), (23.0, 9.0, 31.0), (25.0, 9.0, 31.0), (25.5, 7.5, 40.0), (26.0, 6.0, 56.0), (25.5, 4.5, 40.0), (25.0, 3.0, 31.0), (25.5, 1.5, 40.0), (19.0, 13.0, 31.0), (19.5, 13.5, 40.0), (19.0, 15.0, 31.0), (19.5, 16.5, 40.0), (18.0, 18.0, 56.0), (16.5, 19.5, 40.0), (15.0, 19.0, 31.0), (13.5, 19.5, 40.0), (14.0, 18.0, 56.0), (13.5, 16.5, 40.0), (13.0, 15.0, 31.0), (13.5, 13.5, 40.0), (14.0, 14.0, 56.0), (16.5, 13.5, 40.0), (17.0, 15.0, 31.0), (17.0, 15.0, 31.0), (17.0, 15.0, 31.0), (17.0, 15.0, 31.0), (17.0, 15.0, 31.0), (17.0, 15.0, 31.0), (17.0, 15.0, 31.0), (17.0, 15.0, 31.0), (17.0, 15.0, 31.0), (17.0, 15.0, 31.0), (17.0, 15.0, 31.0), (17.0, 15.0, 31.0), (17.0, 15.0, 31.0), (17.0, 15.0, 31.0), (17.0, 15.0, 31.0), (17.0, 15.0, 31.0), (17.0, 15.0, 31.0), (17.0, 15.0, 31.0), (17.0, 15.0, 31.0), (17.0, 15.0, 31.0), (17.0, 15.0, 31.0), (17.0, 15.0, 31.0), (17.0, 15.0, 31.0), (17.0, 15.0, 31.0), (17.0, 15.0, 31.0), (17.0, 15.0, 31.0), (17.0, 15.0, 31.0), (17.0, 15.0, 31.0), (17.0, 15.0, 31.0)]
Add 1 0 BM 1101
Reward 1 44.36791238661636 0 4.0 0
Reward 1 50.36791238661636 0 4.0 0
Reward 1 56.36791238661636 0 4.0 0
Reward 1 62.36791238661636 0 4.0 0
Reward 1 68.36791238661635 0 4.0 0
Reward 1 74.36791238661635 0 4.0 0
Reward 1 80.36791238661635 0 4.0 0
Reward 1 86.36791238661635 0 4.0 0
Reward 1 92.36791238661635 0 4.0 0
Reward 1 98.36791238661635 0 4.0 0
Reward 1 104.36791238661635 0 4.0 0
Reward 1 110.36791238661635 0 4.0 0
Reward 1 116.36791238661635 0 4.0 0
Reward 1 122.36791238661635 0 4.0 0
Reward 1 128.36791238661635 0 4.0 0
Reward 1 134.36791238661635 0 4.0 0
Reward 1 140.36791238661635 0 4.0 0
Reward 1 146.36791238661635 0 4.0 0
Reward 1 152.36791238661635 0 4.0 0
Reward 1 158.36791238661635 0 4.0 0
Reward 1 164.36791238661635 0 4.0 0
Reward 1 170.36791238661635 0 4.0 0
Reward 1 176.36791238661635 0 4.0 0
Reward 1 182.36791238661635 0 4.0 0
Reward 1 188.36791238661635 0 4.0 0
Reward 1 194.36791238661635 0 4.0 0
Reward 1 200.36791238661635 0 4.0 0
Reward 1 206.36791238661635 0 4.0 0
Reward 1 212.36791238661635 0 4.0 0
Reward 1 218.36791238661635 0 4.0 0
Reward 1 224.36791238661635 0 4.0 0
Reward 1 230.36791238661635 0 4.0 0
Reward 1 236.36791238661635 0 4.0 0
Reward 1 242.36791238661635 0 4.0 0
Reward 1 248.36791238661635 0 4.0 0
Reward 1 254.36791238661635 0 4.0 0
Reward 1 260.36791238661635 0 4.0 0
Reward 1 266.36791238661635 0 4.0 0
Reward 1 272.36791238661635 0 4.0 0
Reward 1 278.36791238661635 0 4.0 0
Reward 1 284.36791238661635 0 4.0 0
Reward 1 290.36791238661635 0 4.0 0
Reward 1 296.36791238661635 0 4.0 0
Reward 1 302.36791238661635 0 4.0 0
Reward 1 308.36791238661635 0 4.0 0
Reward 1 314.36791238661635 0 4.0 0
Reward 1 320.36791238661635 0 2.0 0
Reward 1 326.36791238661635 0 2.0 0
Reward 1 334.77415933783516 0 0.8 0
Reward 1 344.32664237323485 0 1.2 0
Reward 1 350.32664237323485 0 4.0 0
Reward 1 356.32664237323485 0 4.0 0
Reward 1 362.32664237323485 0 4.0 0
Reward 1 368.32664237323485 0 4.0 0
Reward 1 374.32664237323485 0 4.0 0
Reward 1 380.32664237323485 0 4.0 0
Reward 1 386.32664237323485 0 4.0 0
Reward 1 392.32664237323485 0 4.0 0
Reward 1 398.32664237323485 0 4.0 0
Reward 1 404.32664237323485 0 2.0 0
Reward 1 410.32664237323485 0 2.0 0
Reward 1 416.32664237323485 0 2.0 0
Reward 1 422.32664237323485 0 2.0 0
Reward 1 428.32664237323485 0 4.0 0
Reward 1 434.32664237323485 0 4.0 0
Reward 1 440.32664237323485 0 4.0 0
Reward 1 446.32664237323485 0 4.0 0
Reward 1 452.32664237323485 0 4.0 0
Reward 1 458.32664237323485 0 4.0 0
Reward 1 464.32664237323485 0 4.0 0
Reward 1 470.32664237323485 0 4.0 0
Reward 1 476.32664237323485 0 4.0 0
Reward 1 482.32664237323485 0 4.0 0
Reward 1 488.32664237323485 0 4.0 0
Reward 1 494.32664237323485 0 4.0 0
Reward 1 500.32664237323485 0 4.0 0
Reward 1 506.32664237323485 0 4.0 0
Reward 1 512.3266423732348 0 4.0 0
Reward 1 518.3266423732348 0 4.0 0
Reward 1 524.3266423732348 0 4.0 0
Reward 1 530.3266423732348 0 4.0 0
Reward 1 599.5575876291213 306.0 0 0
Add 1 601.5575876291213 600 ('BM', 0) 1101
Miss 1 601.5575876291213 ('BM', 0) 600 795
Reward 1 601.5575876291213 -7950.0 0 7950.0
Reward 1 609.8821429494581 0 4.0 0
Reward 1 615.8821429494581 0 4.0 0
Reward 1 621.8821429494581 0 4.0 0
Reward 1 627.8821429494581 0 4.0 0
Reward 1 633.8821429494581 0 4.0 0
Reward 1 639.8821429494581 0 4.0 0
Reward 1 645.8821429494581 0 4.0 0
Reward 1 651.8821429494581 0 4.0 0
Reward 1 657.8821429494581 0 4.0 0
Reward 1 663.8821429494581 0 4.0 0
Reward 1 669.8821429494581 0 4.0 0
Reward 1 675.8821429494581 0 4.0 0
Reward 1 681.8821429494581 0 4.0 0
Reward 1 690.8849995094627 0 1.6 0
Reward 1 700.4374825448623 0 2.4 0
Reward 1 706.4374825448623 0 4.0 0
Reward 1 712.4374825448623 0 4.0 0
Reward 1 718.4374825448623 0 4.0 0
Reward 1 724.4374825448623 0 4.0 0
Reward 1 730.4374825448623 0 4.0 0
Reward 1 736.4374825448623 0 4.0 0
Reward 1 742.4374825448623 0 4.0 0
Reward 1 748.4374825448623 0 4.0 0
Reward 1 754.4374825448623 0 4.0 0
Reward 1 760.4374825448623 0 4.0 0
Reward 1 766.4374825448623 0 4.0 0
Reward 1 772.4374825448623 0 4.0 0
Reward 1 778.4374825448623 0 4.0 0
Reward 1 784.4374825448623 0 4.0 0
Reward 1 790.4374825448623 0 4.0 0
Reward 1 796.4374825448623 0 4.0 0
Reward 1 802.4374825448623 0 4.0 0
Reward 1 808.4374825448623 0 4.0 0
Reward 1 814.4374825448623 0 4.0 0
Reward 1 820.4374825448623 0 2.0 0
Reward 1 826.4374825448623 0 2.0 0
Reward 1 834.8437294960811 0 0.8 0
Reward 1 844.3962125314807 0 1.2 0
Reward 1 850.3962125314807 0 4.0 0
Reward 1 856.3962125314807 0 4.0 0
Reward 1 862.3962125314807 0 4.0 0
Reward 1 868.3962125314807 0 4.0 0
Reward 1 874.3962125314807 0 4.0 0
Reward 1 880.3962125314807 0 4.0 0
Reward 1 886.3962125314807 0 4.0 0
Reward 1 892.3962125314807 0 4.0 0
Reward 1 898.3962125314807 0 4.0 0
Reward 1 904.3962125314807 0 2.0 0
Reward 1 910.3962125314807 0 2.0 0
Reward 1 916.3962125314807 0 2.0 0
Reward 1 922.3962125314807 0 2.0 0
Reward 1 928.3962125314807 0 4.0 0
Reward 1 934.3962125314807 0 4.0 0
Reward 1 940.3962125314807 0 4.0 0
Reward 1 946.3962125314807 0 4.0 0
Reward 1 952.3962125314807 0 4.0 0
Reward 1 958.3962125314807 0 4.0 0
Reward 1 964.3962125314807 0 4.0 0
Reward 1 970.3962125314807 0 4.0 0
Reward 1 976.3962125314807 0 4.0 0
Reward 1 982.3962125314807 0 4.0 0
Reward 1 988.3962125314807 0 4.0 0
Reward 1 994.3962125314807 0 4.0 0
Reward 1 1000.3962125314807 0 4.0 0
Reward 1 1006.3962125314807 0 4.0 0
Reward 1 1012.3962125314807 0 4.0 0
Reward 1 1018.3962125314807 0 4.0 0
Reward 1 1024.3962125314806 0 4.0 0
Reward 1 1030.3962125314806 0 4.0 0
Reward 1 1036.3962125314806 0 2.0 0
Reward 1 1042.3962125314806 0 2.0 0
Reward 1 1048.3962125314806 0 2.0 0
Reward 1 1054.3962125314806 0 2.0 0
Reward 1 1060.3962125314806 0 4.0 0
Reward 1 1066.3962125314806 0 4.0 0
Reward 1 1072.3962125314806 0 4.0 0
Reward 1 1078.3962125314806 0 4.0 0
Reward 1 1084.3962125314806 0 4.0 0
Reward 1 1090.3962125314806 0 4.0 0
Reward 1 1096.3962125314806 0 4.0 0
Reward 1 1102.3962125314806 0 4.0 0
Reward 1 1108.3962125314806 0 4.0 0
Reward 1 1114.3962125314806 0 4.0 0
Reward 1 1120.3962125314806 0 4.0 0
Reward 1 1126.3962125314806 0 4.0 0
Reward 1 1132.3962125314806 0 4.0 0
Reward 1 1138.3962125314806 0 4.0 0
Reward 1 1144.3962125314806 0 4.0 0
Reward 1 1150.3962125314806 0 4.0 0
Reward 1 1156.3962125314806 0 4.0 0
Reward 1 1162.3962125314806 0 4.0 0
Reward 1 1170.053066780973 0 4.0 0
Reward 1 1199.8379547598727 338.0 0 0
Add 1 1201.8379547598727 1200.0 ('BM', 0) 1101
Miss 1 1201.8379547598727 ('BM', 0) 1200.0 763
Reward 1 1201.8379547598727 -7630.0 0 7630.0
Time 1 10.749902486801147
Total 1 -14936.0 15580.0 178 [(0, 0, 0), (1.0, 21.0, 26.0), (1.0, 23.0, 26.0), (3.0, 23.0, 26.0), (3.0, 21.0, 26.0), (5.0, 21.0, 26.0), (7.0, 21.0, 26.0), (7.0, 23.0, 26.0), (9.0, 23.0, 26.0), (9.0, 25.0, 26.0), (7.0, 25.0, 26.0), (5.0, 25.0, 26.0), (3.0, 25.0, 26.0), (3.0, 27.0, 26.0), (1.0, 27.0, 26.0), (1.0, 29.0, 26.0), (1.0, 31.0, 26.0), (3.0, 31.0, 26.0), (5.0, 31.0, 26.0), (5.0, 29.0, 26.0), (7.0, 29.0, 26.0), (7.0, 31.0, 26.0), (9.0, 31.0, 26.0), (9.0, 29.0, 26.0), (11.0, 29.0, 26.0), (13.0, 29.0, 26.0), (15.0, 29.0, 26.0), (15.0, 31.0, 26.0), (15.0, 33.0, 26.0), (17.0, 33.0, 26.0), (17.0, 35.0, 26.0), (15.0, 35.0, 26.0), (13.0, 35.0, 26.0), (11.0, 35.0, 26.0), (9.0, 35.0, 26.0), (9.0, 37.0, 26.0), (9.0, 39.0, 26.0), (7.0, 39.0, 26.0), (7.0, 41.0, 26.0), (7.0, 43.0, 26.0), (5.0, 43.0, 26.0), (5.0, 45.0, 26.0), (3.0, 45.0, 26.0), (1.0, 45.0, 26.0), (1.0, 47.0, 26.0), (1.0, 49.0, 26.0), (3.0, 49.0, 26.0), (3.0, 51.0, 26.0), (1.0, 51.0, 26.0), (2.5, 52.5, 50.0), (5.0, 51.0, 26.0), (5.0, 49.0, 26.0), (5.0, 47.0, 26.0), (7.0, 47.0, 26.0), (7.0, 45.0, 26.0), (9.0, 45.0, 26.0), (11.0, 45.0, 26.0), (11.0, 47.0, 26.0), (11.0, 49.0, 26.0), (9.0, 49.0, 26.0), (9.0, 51.0, 26.0), (11.0, 51.0, 26.0), (13.0, 51.0, 26.0), (15.0, 51.0, 26.0), (15.0, 49.0, 26.0), (17.0, 49.0, 26.0), (19.0, 49.0, 26.0), (19.0, 47.0, 26.0), (17.0, 47.0, 26.0), (15.0, 47.0, 26.0), (15.0, 45.0, 26.0), (13.0, 45.0, 26.0), (13.0, 43.0, 26.0), (15.0, 43.0, 26.0), (17.0, 43.0, 26.0), (19.0, 43.0, 26.0), (21.0, 43.0, 26.0), (21.0, 45.0, 26.0), (23.0, 45.0, 26.0), (23.0, 47.0, 26.0), (23.0, 49.0, 26.0), (21.0, 49.0, 26.0), (8, 18, 26), (8, 18, 26), (7.0, 21.0, 26.0), (7.0, 23.0, 26.0), (9.0, 23.0, 26.0), (9.0, 25.0, 26.0), (7.0, 25.0, 26.0), (5.0, 25.0, 26.0), (3.0, 25.0, 26.0), (3.0, 23.0, 26.0), (1.0, 23.0, 26.0), (1.0, 21.0, 26.0), (3.0, 21.0, 26.0), (5.0, 21.0, 26.0), (5.0, 23.0, 26.0), (2.5, 22.5, 50.0), (1.0, 25.0, 26.0), (1.0, 27.0, 26.0), (1.0, 29.0, 26.0), (1.0, 31.0, 26.0), (1.0, 33.0, 26.0), (1.0, 35.0, 26.0), (3.0, 35.0, 26.0), (5.0, 35.0, 26.0), (5.0, 37.0, 26.0), (5.0, 39.0, 26.0), (7.0, 39.0, 26.0), (7.0, 41.0, 26.0), (7.0, 43.0, 26.0), (5.0, 43.0, 26.0), (5.0, 45.0, 26.0), (3.0, 45.0, 26.0), (1.0, 45.0, 26.0), (1.0, 47.0, 26.0), (1.0, 49.0, 26.0), (3.0, 49.0, 26.0), (3.0, 51.0, 26.0), (1.0, 51.0, 26.0), (2.5, 52.5, 50.0), (5.0, 51.0, 26.0), (5.0, 49.0, 26.0), (5.0, 47.0, 26.0), (7.0, 47.0, 26.0), (7.0, 45.0, 26.0), (9.0, 45.0, 26.0), (11.0, 45.0, 26.0), (11.0, 47.0, 26.0), (11.0, 49.0, 26.0), (9.0, 49.0, 26.0), (9.0, 51.0, 26.0), (11.0, 51.0, 26.0), (13.0, 51.0, 26.0), (15.0, 51.0, 26.0), (15.0, 49.0, 26.0), (17.0, 49.0, 26.0), (19.0, 49.0, 26.0), (19.0, 47.0, 26.0), (17.0, 47.0, 26.0), (15.0, 47.0, 26.0), (15.0, 45.0, 26.0), (13.0, 45.0, 26.0), (13.0, 43.0, 26.0), (15.0, 43.0, 26.0), (17.0, 43.0, 26.0), (19.0, 43.0, 26.0), (21.0, 43.0, 26.0), (21.0, 45.0, 26.0), (23.0, 45.0, 26.0), (23.0, 47.0, 26.0), (23.0, 49.0, 26.0), (25.0, 49.0, 26.0), (25.0, 51.0, 26.0), (27.0, 51.0, 26.0), (29.0, 51.0, 26.0), (31.0, 51.0, 26.0), (31.0, 49.0, 26.0), (31.0, 47.0, 26.0), (29.0, 47.0, 26.0), (29.0, 45.0, 26.0), (27.0, 45.0, 26.0), (25.0, 45.0, 26.0), (25.0, 43.0, 26.0), (25.0, 41.0, 26.0), (23.0, 41.0, 26.0), (21.0, 41.0, 26.0), (21.0, 39.0, 26.0), (19.0, 39.0, 26.0), (19.0, 37.0, 26.0), (17.0, 37.0, 26.0), (17.0, 35.0, 26.0), (17.0, 33.0, 26.0), (19.0, 33.0, 26.0), (19.0, 31.0, 26.0), (17.0, 29.0, 26.0), (10, 17, 26), (10, 17, 26)]
Add 2 0 BM 540
Reward 2 46.0111097397076 1.6 0 0
Reward 2 50.64979081943965 2.0 0 0
Reward 2 55.288471899171704 3.2 0 0
Reward 2 61.69587423301002 3.6 0 0
Reward 2 64.98497886146194 4.0 0 0
Reward 2 69.48354999836911 4.2 0 0
Reward 2 76.50351677568608 5.4 0 0
Reward 2 81.14219785541813 2.0 0 0
Reward 2 86.14219785541813 3.6 0 0
Reward 2 90.78087893515018 3.2 0 0
Reward 2 97.18828126898849 3.6 0 0
Reward 2 100.47738589744041 3.2 0 0
Reward 2 105.11606697717247 2.0 0 0
Reward 2 109.75474805690452 5.6 0 0
Reward 2 114.39342913663657 2.0 0 0
Reward 2 119.03211021636862 5.6 0 0
Reward 2 123.67079129610067 2.0 0 0
Reward 2 128.3094723758327 3.2 0 0
Reward 2 134.71687470967103 0.9 0 0
Reward 2 138.00597933812296 0.8 0 0
Reward 2 142.50455047503013 0.6 0 0
Reward 2 149.5245172523471 1.8 0 0
Reward 2 155.0234060040279 4.8 0 0
Reward 2 160.52229475570869 3.6 0 0
Reward 2 165.16097583544072 2.0 0 0
Reward 2 169.79965691517276 5.6 0 0
Reward 2 174.29822805207993 2.4 0 0
Reward 2 181.3181948293969 5.4 0 0
Reward 2 185.95687590912894 2.0 0 0
Reward 2 190.59555698886098 3.8 0 0
Reward 2 198.24687264818732 1.2 0 0
Reward 2 203.74576139986812 1.2 0 0
Reward 2 208.38444247960015 1.0 0 0
Reward 2 213.0231235593322 0.8 0 0
Reward 2 219.4305258931705 0 1.8 0
Reward 2 222.71963052162243 0 3.2 0
Reward 2 227.2182016585296 0 3.6 0
Reward 2 234.23816843584657 14.0 0 0
Reward 2 238.8768495155786 2.0 0 0
Reward 2 243.51553059531065 0 2.6 0
Reward 2 248.1542116750427 0 1.0 0
Reward 2 252.79289275477473 0 2.0 0
Reward 2 259.200295088613 0 1.8 0
Reward 2 262.48939971706494 0 0.8 0
Reward 2 267.128080796797 0 1.0 0
Reward 2 286.9163750248529 0 1.2 0
Reward 2 293.2305071270875 14.0 0 0
Reward 2 297.86918820681956 2.0 0 0
Reward 2 302.5078692865516 5.6 0 0
Reward 2 307.1465503662837 2.0 0 0
Reward 2 311.78523144601576 5.6 0 0
Reward 2 316.28380258292293 1.8 0 0
Reward 2 323.30376936023987 3.0 0 0
Reward 2 329.7111716940782 1.8 0 0
Reward 2 333.0002763225301 3.2 0 0
Reward 2 337.6389574022622 2.0 0 0
Reward 2 342.27763848199425 5.6 0 0
Reward 2 346.7762096189014 2.4 0 0
Reward 2 353.79617639621836 5.4 0 0
Reward 2 358.4348574759504 2.0 0 0
Reward 2 363.0735385556825 2.6 0 0
Reward 2 369.38767065791706 1.2 0 0
Reward 2 375.7018027601516 3.6 0 0
Reward 2 380.3404838398837 2.0 0 0
Reward 2 384.97916491961576 5.6 0 0
Reward 2 389.6178459993478 2.0 0 0
Reward 2 394.2565270790799 5.6 0 0
Reward 2 398.75509821598706 1.8 0 0
Reward 2 405.775064993304 3.0 0 0
Reward 2 412.1824673271423 1.8 0 0
Reward 2 415.47157195559424 3.2 0 0
Reward 2 420.1102530353263 1.0 0 0
Reward 2 424.7489341150584 4.0 0 0
Reward 2 429.38761519479044 2.0 0 0
Reward 2 434.0262962745225 5.6 0 0
Reward 2 438.6649773542546 2.0 0 0
Reward 2 443.30365843398664 5.6 0 0
Reward 2 449.71106076782496 3.6 0 0
Reward 2 453.0001653962769 4.0 0 0
Reward 2 457.49873653318406 4.2 0 0
Reward 2 464.518703310501 5.4 0 0
Reward 2 469.15738439023306 2.0 0 0
Reward 2 473.79606546996513 5.0 0 0
Reward 2 478.4347465496972 2.0 0 0
Reward 2 483.07342762942926 3.8 0 0
Reward 2 488.57231638111006 4.8 0 0
Reward 2 494.07120513279085 3.6 0 0
Reward 2 498.7098862125229 2.0 0 0
Reward 2 503.348567292255 4.8 0 0
Reward 2 507.84713842916216 1.8 0 0
Reward 2 514.8671052064791 3.6 0 0
Reward 2 519.5057862862111 2.0 0 0
Reward 2 524.1444673659431 3.8 0 0
Reward 2 530.4585994681777 4.8 0 0
Reward 2 536.7727315704122 4.8 0 0
Reward 2 541.4114126501443 2.0 0 0
Reward 2 546.0500937298763 5.6 0 0
Reward 2 550.6887748096083 2.0 0 0
Reward 2 555.3274558893403 3.2 0 0
Reward 2 559.8260270262475 1.2 0 0
Reward 2 566.8459938035645 3.6 0 0
Reward 2 578.6274593811194 4.8 0 0
Reward 2 584.1263481328002 3.6 0 0
Reward 2 588.7650292125322 2.0 0 0
Reward 2 593.4037102922642 5.6 0 0
Reward 2 597.9022814291715 2.4 0 0
Hover 2 598.9022814291715
Hover 2 599.9022814291715
Add 2 600.9022814291715 600 ('BM', 0) 540
Miss 2 600.9022814291715 ('BM', 0) 600 146
Reward 2 600.9022814291715 -1450.4 0 1460.0
Reward 2 607.9222482064885 5.4 0 0
Reward 2 612.5609292862205 2.0 0 0
Reward 2 617.1996103659525 5.0 0 0
Reward 2 621.8382914456845 2.0 0 0
Reward 2 626.4769725254165 3.8 0 0
Reward 2 631.9758612770974 4.8 0 0
Reward 2 637.4747500287782 3.6 0 0
Reward 2 642.1134311085102 2.0 0 0
Reward 2 646.7521121882422 3.2 0 0
Reward 2 651.2506833251495 1.8 0 0
Reward 2 658.2706501024664 3.6 0 0
Reward 2 662.9093311821985 2.0 0 0
Reward 2 667.5480122619305 3.8 0 0
Reward 2 673.862144364165 4.8 0 0
Reward 2 680.1762764663996 4.8 0 0
Reward 2 684.8149575461316 2.0 0 0
Reward 2 689.4536386258636 5.6 0 0
Reward 2 694.0923197055956 2.0 0 0
Reward 2 698.7310007853276 5.6 0 0
Reward 2 703.2295719222349 1.8 0 0
Reward 2 710.2495386995519 5.4 0 0
Reward 2 715.7484274512327 4.8 0 0
Reward 2 721.2473162029136 3.6 0 0
Reward 2 725.8859972826456 2.0 0 0
Reward 2 730.5246783623776 4.8 0 0
Reward 2 735.0232494992848 1.8 0 0
Reward 2 742.0432162766018 3.6 0 0
Reward 2 746.6818973563338 2.0 0 0
Reward 2 758.9956058553186 3.6 0 0
Reward 2 762.2847104837705 1.6 0 0
Reward 2 766.7832816206777 1.2 0 0
Reward 2 775.5447247854506 7.2 0 0
Reward 2 780.0432959223579 4.2 0 0
Reward 2 787.0632626996749 5.4 0 0
Reward 2 791.7019437794069 2.0 0 0
Reward 2 796.7019437794069 3.6 0 0
Reward 2 801.3406248591389 3.2 0 0
Reward 2 807.7480271929771 3.6 0 0
Reward 2 811.037131821429 3.2 0 0
Reward 2 815.6758129011611 2.0 0 0
Reward 2 820.3144939808931 5.6 0 0
Reward 2 824.9531750606251 2.0 0 0
Reward 2 829.5918561403571 5.6 0 0
Reward 2 834.2305372200891 2.0 0 0
Reward 2 838.8692182998211 3.2 0 0
Reward 2 845.2766206336594 0.9 0 0
Reward 2 848.5657252621113 0.8 0 0
Reward 2 853.0642963990185 0.6 0 0
Reward 2 860.0842631763355 1.8 0 0
Reward 2 865.5831519280164 4.8 0 0
Reward 2 871.0820406796972 3.6 0 0
Reward 2 875.7207217594292 2.0 0 0
Reward 2 880.3594028391612 5.6 0 0
Reward 2 884.8579739760685 2.4 0 0
Reward 2 891.8779407533855 5.4 0 0
Reward 2 896.5166218331175 2.0 0 0
Reward 2 901.1553029128495 3.8 0 0
Reward 2 908.8066185721758 1.2 0 0
Reward 2 914.3055073238567 1.2 0 0
Reward 2 918.9441884035887 1.0 0 0
Reward 2 923.5828694833207 0.8 0 0
Reward 2 929.9902718171589 0 1.8 0
Reward 2 933.2793764456109 0 3.2 0
Reward 2 937.7779475825181 0 3.6 0
Reward 2 944.7979143598351 14.0 0 0
Reward 2 949.4365954395671 2.0 0 0
Reward 2 954.0752765192991 0 2.6 0
Reward 2 958.7139575990311 0 1.0 0
Reward 2 963.3526386787631 0 2.0 0
Reward 2 969.7600410126014 0 1.8 0
Reward 2 973.0491456410533 0 0.8 0
Reward 2 977.6878267207853 0 1.0 0
Reward 2 997.4761209488413 0 1.2 0
Reward 2 1003.7902530510759 14.0 0 0
Reward 2 1008.4289341308079 2.0 0 0
Reward 2 1013.0676152105399 5.6 0 0
Reward 2 1017.7062962902719 2.0 0 0
Reward 2 1022.3449773700039 5.6 0 0
Reward 2 1026.843548506911 1.8 0 0
Reward 2 1033.863515284228 3.0 0 0
Reward 2 1040.2709176180663 1.8 0 0
Reward 2 1043.5600222465182 3.2 0 0
Reward 2 1048.1987033262503 2.0 0 0
Reward 2 1052.8373844059824 5.6 0 0
Reward 2 1057.3359555428897 2.4 0 0
Reward 2 1064.3559223202067 5.4 0 0
Reward 2 1068.9946033999388 2.0 0 0
Reward 2 1073.633284479671 2.6 0 0
Reward 2 1079.9474165819056 1.2 0 0
Reward 2 1086.2615486841403 3.6 0 0
Reward 2 1090.9002297638724 2.0 0 0
Reward 2 1095.5389108436045 5.6 0 0
Reward 2 1100.1775919233366 2.0 0 0
Reward 2 1104.8162730030688 5.6 0 0
Reward 2 1109.314844139976 1.8 0 0
Reward 2 1116.334810917293 3.0 0 0
Reward 2 1122.7422132511313 1.8 0 0
Reward 2 1126.0313178795832 3.2 0 0
Reward 2 1130.6699989593153 2.0 0 0
Reward 2 1135.3086800390474 5.6 0 0
Reward 2 1139.8072511759547 2.4 0 0
Reward 2 1146.8272179532717 5.4 0 0
Reward 2 1151.4658990330038 2.0 0 0
Reward 2 1156.104580112736 2.6 0 0
Reward 2 1162.4187122149706 1.2 0 0
Reward 2 1168.7328443172053 3.6 0 0
Reward 2 1173.3715253969374 1.0 0 0
Reward 2 1178.0102064766695 4.0 0 0
Reward 2 1182.6488875564016 2.0 0 0
Reward 2 1187.2875686361338 5.6 0 0
Reward 2 1191.786139773041 1.8 0 0
Reward 2 1198.806106550358 5.4 0 0
Hover 2 1199.806106550358
Add 2 1200.806106550358 1200.0 ('BM', 0) 540
Miss 2 1200.806106550358 ('BM', 0) 1200.0 108
Reward 2 1200.806106550358 -1072.8 0 1080.0
Time 2 4.170459747314453
Total 2 -1854.2000000000005 2540.0 224 [(0, 0, 0), (19.5, 10.5, 40.0), (21.0, 11.0, 31.0), (22.5, 10.5, 40.0), (23.0, 13.0, 31.0), (22.5, 13.5, 40.0), (22.0, 14.0, 56.0), (22.5, 16.5, 40.0), (21.0, 17.0, 31.0), (21.0, 19.0, 31.0), (22.5, 19.5, 40.0), (25.0, 19.0, 31.0), (25.5, 19.5, 40.0), (27.0, 19.0, 31.0), (28.5, 19.5, 40.0), (29.0, 21.0, 31.0), (28.5, 22.5, 40.0), (27.0, 23.0, 31.0), (25.5, 22.5, 40.0), (25.0, 25.0, 31.0), (25.5, 25.5, 40.0), (26.0, 26.0, 56.0), (28.5, 25.5, 40.0), (30.0, 26.0, 56.0), (31.5, 25.5, 40.0), (33.0, 25.0, 31.0), (34.5, 25.5, 40.0), (34.0, 26.0, 56.0), (34.5, 28.5, 40.0), (33.0, 29.0, 31.0), (31.5, 28.5, 40.0), (34.0, 30.0, 56.0), (34.5, 31.5, 40.0), (35.0, 33.0, 31.0), (34.5, 34.5, 40.0), (37.0, 35.0, 31.0), (37.5, 34.5, 40.0), (38.0, 34.0, 56.0), (37.5, 31.5, 40.0), (39.0, 31.0, 31.0), (40.5, 31.5, 40.0), (41.0, 33.0, 31.0), (40.5, 34.5, 40.0), (41.0, 37.0, 31.0), (40.5, 37.5, 40.0), (41.0, 39.0, 31.0), (42.0, 30.0, 56.0), (40.5, 28.5, 40.0), (39.0, 29.0, 31.0), (37.5, 28.5, 40.0), (37.0, 27.0, 31.0), (37.5, 25.5, 40.0), (38.0, 26.0, 56.0), (40.5, 25.5, 40.0), (41.0, 23.0, 31.0), (40.5, 22.5, 40.0), (39.0, 23.0, 31.0), (37.5, 22.5, 40.0), (38.0, 22.0, 56.0), (37.5, 19.5, 40.0), (39.0, 19.0, 31.0), (40.5, 19.5, 40.0), (42.0, 18.0, 56.0), (40.5, 16.5, 40.0), (39.0, 17.0, 31.0), (37.5, 16.5, 40.0), (37.0, 15.0, 31.0), (37.5, 13.5, 40.0), (38.0, 14.0, 56.0), (40.5, 13.5, 40.0), (41.0, 11.0, 31.0), (40.5, 10.5, 40.0), (41.0, 9.0, 31.0), (40.5, 7.5, 40.0), (39.0, 7.0, 31.0), (37.5, 7.5, 40.0), (37.0, 9.0, 31.0), (37.5, 10.5, 40.0), (35.0, 11.0, 31.0), (34.5, 10.5, 40.0), (34.0, 10.0, 56.0), (34.5, 7.5, 40.0), (33.0, 7.0, 31.0), (31.5, 7.5, 40.0), (31.0, 9.0, 31.0), (31.5, 10.5, 40.0), (30.0, 10.0, 56.0), (28.5, 10.5, 40.0), (27.0, 11.0, 31.0), (25.5, 10.5, 40.0), (26.0, 10.0, 56.0), (25.5, 7.5, 40.0), (27.0, 7.0, 31.0), (28.5, 7.5, 40.0), (30.0, 6.0, 56.0), (28.5, 4.5, 40.0), (29.0, 3.0, 31.0), (28.5, 1.5, 40.0), (27.0, 1.0, 31.0), (25.5, 1.5, 40.0), (26.0, 2.0, 56.0), (25.5, 4.5, 40.0), (30.0, 2.0, 56.0), (31.5, 1.5, 40.0), (33.0, 1.0, 31.0), (34.5, 1.5, 40.0), (34.0, 2.0, 56.0), (34.0, 2.0, 56.0), (34.0, 2.0, 56.0), (34.0, 2.0, 56.0), (34.5, 4.5, 40.0), (33.0, 5.0, 31.0), (31.5, 4.5, 40.0), (31.0, 3.0, 31.0), (31.5, 1.5, 40.0), (30.0, 2.0, 56.0), (28.5, 1.5, 40.0), (27.0, 1.0, 31.0), (25.5, 1.5, 40.0), (26.0, 2.0, 56.0), (25.5, 4.5, 40.0), (27.0, 5.0, 31.0), (28.5, 4.5, 40.0), (30.0, 6.0, 56.0), (31.5, 7.5, 40.0), (33.0, 7.0, 31.0), (34.5, 7.5, 40.0), (35.0, 9.0, 31.0), (34.5, 10.5, 40.0), (34.0, 10.0, 56.0), (31.5, 10.5, 40.0), (30.0, 10.0, 56.0), (28.5, 10.5, 40.0), (27.0, 11.0, 31.0), (25.5, 10.5, 40.0), (26.0, 10.0, 56.0), (25.5, 7.5, 40.0), (27.0, 7.0, 31.0), (23.0, 11.0, 31.0), (22.5, 10.5, 40.0), (22.0, 10.0, 56.0), (22.5, 13.5, 40.0), (22.0, 14.0, 56.0), (22.5, 16.5, 40.0), (21.0, 17.0, 31.0), (21.0, 19.0, 31.0), (22.5, 19.5, 40.0), (25.0, 19.0, 31.0), (25.5, 19.5, 40.0), (27.0, 19.0, 31.0), (28.5, 19.5, 40.0), (29.0, 21.0, 31.0), (28.5, 22.5, 40.0), (27.0, 23.0, 31.0), (25.5, 22.5, 40.0), (25.0, 25.0, 31.0), (25.5, 25.5, 40.0), (26.0, 26.0, 56.0), (28.5, 25.5, 40.0), (30.0, 26.0, 56.0), (31.5, 25.5, 40.0), (33.0, 25.0, 31.0), (34.5, 25.5, 40.0), (34.0, 26.0, 56.0), (34.5, 28.5, 40.0), (33.0, 29.0, 31.0), (31.5, 28.5, 40.0), (34.0, 30.0, 56.0), (34.5, 31.5, 40.0), (35.0, 33.0, 31.0), (34.5, 34.5, 40.0), (37.0, 35.0, 31.0), (37.5, 34.5, 40.0), (38.0, 34.0, 56.0), (37.5, 31.5, 40.0), (39.0, 31.0, 31.0), (40.5, 31.5, 40.0), (41.0, 33.0, 31.0), (40.5, 34.5, 40.0), (41.0, 37.0, 31.0), (40.5, 37.5, 40.0), (41.0, 39.0, 31.0), (42.0, 30.0, 56.0), (40.5, 28.5, 40.0), (39.0, 29.0, 31.0), (37.5, 28.5, 40.0), (37.0, 27.0, 31.0), (37.5, 25.5, 40.0), (38.0, 26.0, 56.0), (40.5, 25.5, 40.0), (41.0, 23.0, 31.0), (40.5, 22.5, 40.0), (39.0, 23.0, 31.0), (37.5, 22.5, 40.0), (38.0, 22.0, 56.0), (37.5, 19.5, 40.0), (39.0, 19.0, 31.0), (40.5, 19.5, 40.0), (42.0, 18.0, 56.0), (40.5, 16.5, 40.0), (39.0, 17.0, 31.0), (37.5, 16.5, 40.0), (37.0, 15.0, 31.0), (37.5, 13.5, 40.0), (38.0, 14.0, 56.0), (40.5, 13.5, 40.0), (41.0, 11.0, 31.0), (40.5, 10.5, 40.0), (39.0, 11.0, 31.0), (37.5, 10.5, 40.0), (38.0, 10.0, 56.0), (37.5, 7.5, 40.0), (39.0, 7.0, 31.0), (40.5, 7.5, 40.0), (42.0, 6.0, 56.0), (40.5, 4.5, 40.0), (41.0, 3.0, 31.0), (40.5, 1.5, 40.0), (39.0, 1.0, 31.0), (37.5, 1.5, 40.0), (38.0, 2.0, 56.0), (37.5, 4.5, 40.0), (37.5, 4.5, 40.0), (37.5, 4.5, 40.0)]
