Start 2 1 5 0
Add 0 0 FI 30
Add 0 0 FT 40
Reward 0 51.05996404313531 1.8 0 0
Reward 0 69.03052679161246 0 4.2 0
Reward 0 76.03052679161246 0 3.6 0
Reward 0 87.03052679161246 0 1.8 0
Reward 0 98.03052679161246 0 6.0 0
Reward 0 109.03052679161246 0 6.0 0
Reward 0 142.27955778480666 0 1.2 0
Reward 0 146.44183544497503 19.2 0 0
Add 0 164.53452394035222 150.0 ('FT', 0) 43
Miss 0 164.53452394035222 ('FT', 0) 150.0 5
Reward 0 164.53452394035222 -50.0 1.6 50.0
Reward 0 171.19137818984458 0 3.6 0
Reward 0 176.19137818984458 0 3.2 0
Reward 0 181.19137818984458 0 3.2 0
Reward 0 186.19137818984458 0 3.2 0
Reward 0 191.19137818984458 0 3.2 0
Reward 0 196.19137818984458 0 1.6 0
Reward 0 201.19137818984458 0 1.6 0
Reward 0 206.19137818984458 0 1.6 0
Reward 0 211.19137818984458 0 1.6 0
Reward 0 216.19137818984458 0 1.6 0
Reward 0 238.28545318734092 0 6.4 0
Reward 0 247.04689635211383 0 4.2 0
Reward 0 259.70880014180443 0 7.8 0
Reward 0 298.2502439073284 39.2 0 0
Add 0 322.7823496354608 300 ('FI', 0) 30
Miss 0 322.7823496354608 ('FI', 0) 300 0
Add 0 322.7823496354608 300.0 ('FT', 0) 53
Miss 0 322.7823496354608 ('FT', 0) 300.0 21
Reward 0 322.7823496354608 -210.0 6.4 210.0
Reward 0 331.26566440900865 0 4.0 0
Reward 0 340.26566440900865 0 1.0 0
Reward 0 345.26566440900865 0 4.0 0
Reward 0 350.26566440900865 0 4.0 0
Reward 0 355.26566440900865 0 4.0 0
Reward 0 358.26566440900865 0 2.0 0
Reward 0 361.26566440900865 0 2.0 0
Reward 0 366.26566440900865 0 4.0 0
Reward 0 371.73780036400825 0 2.4 0
Reward 0 376.73780036400825 0 3.0 0
Reward 0 381.73780036400825 0 1.8 0
Reward 0 386.73780036400825 0 3.0 0
Reward 0 390.56622748875446 0 2.4 0
Reward 0 393.56622748875446 0 1.0 0
Reward 0 419.6261556610378 0 2.0 0
Reward 0 441.50676867885886 44.4 0 0
Reward 0 448.16362292835123 1.0 0 0
Add 0 470.1817103770227 450.0 ('FT', 0) 54
Miss 0 470.1817103770227 ('FT', 0) 450.0 6
Reward 0 470.1817103770227 -60.0 1.6 60.0
Reward 0 476.83856462651505 0 3.6 0
Reward 0 481.83856462651505 0 3.2 0
Reward 0 486.83856462651505 0 3.2 0
Reward 0 491.83856462651505 0 3.2 0
Reward 0 496.83856462651505 0 3.2 0
Reward 0 501.83856462651505 0 1.6 0
Reward 0 518.3614509560608 0 5.6 0
Reward 0 531.2037480305308 0 6.0 0
Reward 0 542.2037480305308 0 6.0 0
Reward 0 563.2037480305308 0 6.0 0
Reward 0 570.2037480305308 0 1.8 0
Reward 0 588.174310779008 47.4 0 0
Reward 0 592.6728819159152 0.8 0 0
Reward 0 598.1450178709148 0.2 0 0
Add 0 603.6171538259143 600.0 ('FI', 0) 30
Miss 0 603.6171538259143 ('FI', 0) 600.0 8
Add 0 603.6171538259143 600.0 ('FT', 0) 57
Miss 0 603.6171538259143 ('FT', 0) 600.0 8
Reward 0 603.6171538259143 -156.8 0 160.0
Reward 0 610.9417091462511 0.8 0 0
Reward 0 623.6036129359418 0 4.0 0
Reward 0 630.6036129359418 0 4.8 0
Reward 0 639.6036129359418 0 3.2 0
Reward 0 648.6036129359418 0 4.0 0
Reward 0 657.6036129359418 0 6.4 0
Reward 0 666.6036129359418 0 6.4 0
Reward 0 673.9281682562786 0 1.6 0
Reward 0 683.1743795075139 0 6.4 0
Reward 0 691.3854820584419 0 1.8 0
Reward 0 715.7092896378231 0 0.8 0
Reward 0 718.7092896378231 0 0.8 0
Reward 0 742.5127981398058 41.6 0 0
Add 0 761.2034736498026 750.0 ('FT', 0) 58
Miss 0 761.2034736498026 ('FT', 0) 750.0 0
Reward 0 761.2034736498026 0.0 1.6 0.0
Reward 0 767.860327899295 0 3.6 0
Reward 0 772.860327899295 0 3.2 0
Reward 0 777.860327899295 0 3.2 0
Reward 0 782.860327899295 0 3.2 0
Reward 0 787.860327899295 0 3.2 0
Reward 0 810.3582347741515 0 6.6 0
Reward 0 823.0201385638421 0 6.0 0
Reward 0 834.0201385638421 0 6.0 0
Reward 0 855.0201385638421 0 6.0 0
Reward 0 862.0201385638421 0 1.8 0
Reward 0 879.9907013123193 47.4 0 0
Reward 0 897.8975046766458 1.0 0 0
Add 0 913.5944431333448 900.0 ('FI', 0) 30
Miss 0 913.5944431333448 ('FI', 0) 900.0 10
Add 0 913.5944431333448 900.0 ('FT', 0) 68
Miss 0 913.5944431333448 ('FT', 0) 900.0 6
Reward 0 913.5944431333448 -160.0 6.4 160.0
Reward 0 922.0777579068928 0 4.0 0
Reward 0 931.0777579068928 0 1.0 0
Reward 0 936.0777579068928 0 4.0 0
Reward 0 941.0777579068928 0 4.0 0
Reward 0 946.0777579068928 0 4.0 0
Reward 0 949.0777579068928 0 2.0 0
Reward 0 952.0777579068928 0 2.0 0
Reward 0 957.0777579068928 0 4.0 0
Reward 0 962.5498938618923 0 2.0 0
Reward 0 967.5498938618923 0 3.0 0
Reward 0 972.5498938618923 0 3.0 0
Reward 0 977.5498938618923 0 3.0 0
Reward 0 981.3783209866385 0 2.0 0
Reward 0 984.3783209866385 0 1.0 0
Reward 0 989.8504569416381 0 1.0 0
Reward 0 1019.69486714535 0 2.0 0
Reward 0 1041.575480163171 49.4 0 0
Reward 0 1048.2323344126635 2.0 0 0
Add 0 1070.2504218613349 1050.0 ('FT', 0) 70
Miss 0 1070.2504218613349 ('FT', 0) 1050.0 15
Reward 0 1070.2504218613349 -150.0 1.6 150.0
Reward 0 1076.9072761108273 0 3.6 0
Reward 0 1081.9072761108273 0 3.2 0
Reward 0 1086.9072761108273 0 3.2 0
Reward 0 1091.9072761108273 0 3.2 0
Reward 0 1096.9072761108273 0 3.2 0
Reward 0 1119.4051829856837 0 7.8 0
Reward 0 1132.0670867753743 0 6.0 0
Reward 0 1143.0670867753743 0 6.0 0
Reward 0 1164.0670867753743 0 6.0 0
Reward 0 1171.0670867753743 0 1.8 0
Reward 0 1187.6875861271876 50.4 0 0
Reward 0 1194.6875861271876 1.8 0 0
Hover 0 1195.6875861271876
Hover 0 1196.6875861271876
Hover 0 1197.6875861271876
Hover 0 1198.6875861271876
Hover 0 1199.6875861271876
Add 0 1200.6875861271876 1200.0 ('FI', 0) 30
Miss 0 1200.6875861271876 ('FI', 0) 1200.0 10
Add 0 1200.6875861271876 1200.0 ('FT', 0) 70
Miss 0 1200.6875861271876 ('FT', 0) 1200.0 11
Reward 0 1200.6875861271876 -207.0 0 210.0
Time 0 0.4168426990509033
Total 0 -645.4000000000001 1000.0 122 [(0, 0, 0), (19.5, 13.5, 80.0), (25.5, 19.5, 80.0), (25.5, 22.5, 80.0), (25.5, 27.5, 80.0), (25.5, 32.5, 80.0), (25.5, 37.5, 80.0), (17.5, 23.5, 80.0), (16, 24, 80), (15.0, 31.0, 32.0), (13.0, 33.0, 32.0), (13.0, 35.0, 32.0), (13.0, 37.0, 32.0), (13.0, 39.0, 32.0), (13.0, 41.0, 32.0), (15.0, 41.0, 32.0), (15.0, 39.0, 32.0), (15.0, 37.0, 32.0), (15.0, 35.0, 32.0), (15.0, 33.0, 32.0), (25.0, 34.0, 64.0), (25.5, 37.5, 80.0), (22.5, 42.5, 80.0), (14, 26, 52), (25.0, 22.0, 64.0), (24.0, 25.0, 44.0), (24.0, 29.0, 44.0), (24.0, 31.0, 44.0), (24.0, 33.0, 44.0), (24.0, 35.0, 44.0), (24.0, 36.0, 44.0), (24.0, 37.0, 44.0), (24.0, 39.0, 44.0), (25.0, 41.0, 44.0), (23.0, 41.0, 44.0), (23.0, 43.0, 44.0), (21.0, 43.0, 44.0), (20.0, 44.0, 44.0), (19.0, 44.0, 44.0), (13.0, 33.0, 44.0), (16.0, 23.0, 44.0), (18.0, 21.0, 44.0), (15.0, 31.0, 32.0), (13.0, 33.0, 32.0), (13.0, 35.0, 32.0), (13.0, 37.0, 32.0), (13.0, 39.0, 32.0), (13.0, 41.0, 32.0), (15.0, 41.0, 32.0), (22.0, 42.0, 64.0), (25.5, 37.5, 80.0), (25.5, 32.5, 80.0), (25.5, 22.5, 80.0), (25.5, 19.5, 80.0), (19.5, 13.5, 80.0), (19.0, 13.0, 64.0), (19.0, 12.0, 44.0), (19.0, 13.0, 64.0), (22.0, 14.0, 64.0), (25.0, 19.0, 64.0), (25.0, 22.0, 64.0), (25.0, 26.0, 64.0), (25.0, 30.0, 64.0), (25.0, 34.0, 64.0), (25.0, 38.0, 64.0), (26.0, 41.0, 64.0), (22.0, 42.0, 64.0), (20.0, 45.0, 64.0), (14.0, 35.0, 64.0), (14.0, 34.0, 64.0), (17.0, 23.0, 64.0), (15.0, 31.0, 32.0), (13.0, 33.0, 32.0), (13.0, 35.0, 32.0), (13.0, 37.0, 32.0), (13.0, 39.0, 32.0), (13.0, 41.0, 32.0), (22.5, 42.5, 80.0), (25.5, 37.5, 80.0), (25.5, 32.5, 80.0), (25.5, 22.5, 80.0), (25.5, 19.5, 80.0), (19.5, 13.5, 80.0), (18.0, 21.0, 44.0), (25.0, 22.0, 64.0), (24.0, 25.0, 44.0), (24.0, 29.0, 44.0), (24.0, 31.0, 44.0), (24.0, 33.0, 44.0), (24.0, 35.0, 44.0), (24.0, 36.0, 44.0), (24.0, 37.0, 44.0), (24.0, 39.0, 44.0), (25.0, 41.0, 44.0), (23.0, 41.0, 44.0), (23.0, 43.0, 44.0), (21.0, 43.0, 44.0), (20.0, 44.0, 44.0), (19.0, 44.0, 44.0), (21.0, 45.0, 44.0), (13.0, 33.0, 44.0), (16.0, 23.0, 44.0), (18.0, 21.0, 44.0), (15.0, 31.0, 32.0), (13.0, 33.0, 32.0), (13.0, 35.0, 32.0), (13.0, 37.0, 32.0), (13.0, 39.0, 32.0), (13.0, 41.0, 32.0), (22.5, 42.5, 80.0), (25.5, 37.5, 80.0), (25.5, 32.5, 80.0), (25.5, 22.5, 80.0), (25.5, 19.5, 80.0), (19.5, 14.5, 80.0), (19.5, 17.5, 80.0), (19.5, 17.5, 80.0), (19.5, 17.5, 80.0), (19.5, 17.5, 80.0), (19.5, 17.5, 80.0), (19.5, 17.5, 80.0), (19.5, 17.5, 80.0)]
Add 1 0 BM 1028
Reward 1 32.232432915661946 101.4 0 0
Reward 1 60.232432915661946 0 91.8 0
Reward 1 86.23243291566195 0 38.4 0
Reward 1 114.23243291566195 0 37.8 0
Reward 1 130.3745685393929 0 19.8 0
Reward 1 152.3745685393929 0 26.4 0
Reward 1 170.49908403599 0 3.0 0
Reward 1 200.2839720148896 0 81.6 0
Reward 1 212.2839720148896 0 36.0 0
Reward 1 268.2839720148896 0 84.6 0
Reward 1 296.2839720148896 0 69.6 0
Reward 1 312.2839720148896 0 26.4 0
Reward 1 384.4512008329069 515.4 0 0
Reward 1 393.4540573929116 0 5.0 0
Reward 1 405.4540573929116 10.0 0 0
Reward 1 417.4540573929116 5.0 0 0
Reward 1 429.4540573929116 5.0 0 0
Reward 1 441.4540573929116 5.0 0 0
Reward 1 453.4540573929116 5.0 0 0
Reward 1 465.4540573929116 5.0 0 0
Reward 1 477.4540573929116 5.0 0 0
Reward 1 489.4540573929116 5.0 0 0
Reward 1 511.4540573929116 5.0 0 0
Reward 1 523.4540573929116 5.0 0 0
Reward 1 535.4540573929116 5.0 0 0
Reward 1 547.4540573929116 0 5.0 0
Reward 1 559.4540573929116 0 5.0 0
Reward 1 571.4540573929116 0 5.0 0
Reward 1 593.4540573929116 19.4 0 0
Add 1 610.1509958496107 600 ('BM', 0) 938
Miss 1 610.1509958496107 ('BM', 0) 600 0
Reward 1 610.1509958496107 0.0 90.6 0.0
Reward 1 636.1509958496107 0 37.8 0
Reward 1 664.1509958496107 0 13.8 0
Reward 1 680.2931314733416 0 6.0 0
Reward 1 702.2931314733416 0 24.0 0
Reward 1 720.4176469699387 0 2.4 0
Reward 1 750.2025349488383 0 77.4 0
Reward 1 762.2025349488383 0 36.0 0
Reward 1 790.2025349488383 389.4 0 0
Reward 1 872.2025349488383 0 84.6 0
Reward 1 900.2025349488383 0 62.4 0
Reward 1 916.2025349488383 0 26.4 0
Reward 1 988.3697637668556 173.4 0 0
Reward 1 997.3726203268602 0 5.0 0
Reward 1 1009.3726203268602 10.0 0 0
Reward 1 1021.3726203268602 5.0 0 0
Reward 1 1033.3726203268602 5.0 0 0
Reward 1 1045.3726203268602 5.0 0 0
Reward 1 1057.3726203268602 5.0 0 0
Reward 1 1069.3726203268602 5.0 0 0
Reward 1 1081.3726203268602 5.0 0 0
Reward 1 1093.3726203268602 5.0 0 0
Reward 1 1115.3726203268602 5.0 0 0
Reward 1 1127.3726203268602 5.0 0 0
Reward 1 1139.3726203268602 5.0 0 0
Reward 1 1151.3726203268602 0 5.0 0
Reward 1 1163.3726203268602 0 5.0 0
Reward 1 1175.3726203268602 0 5.0 0
Reward 1 1197.3726203268602 19.2 0 0
Hover 1 1199.3726203268602
Add 1 1201.3726203268602 1200.0 ('BM', 0) 938
Miss 1 1201.3726203268602 ('BM', 0) 1200.0 0
Reward 1 1201.3726203268602 16.8 0 0.0
Time 1 26.493234395980835
Total 1 1355.0 0.0 61 [(0, 0, 0), (6.5, 6.5, 120), (19.5, 6.5, 120), (31.5, 6.5, 120), (36.5, 18.5, 120), (35.5, 25.5, 120), (27.5, 19.5, 120), (23.5, 26.5, 120), (11.5, 19.5, 120), (6.5, 19.5, 120), (6.5, 46.5, 120), (19.5, 46.5, 120), (26.5, 46.5, 120), (10, 17, 26), (12.5, 17.5, 50.0), (12.5, 12.5, 50.0), (12.5, 7.5, 50.0), (7.5, 7.5, 50.0), (2.5, 7.5, 50.0), (2.5, 12.5, 50.0), (2.5, 17.5, 50.0), (7.5, 17.5, 50.0), (7.5, 12.5, 50.0), (7.5, 2.5, 50.0), (12.5, 2.5, 50.0), (17.5, 2.5, 50.0), (22.5, 2.5, 50.0), (22.5, 7.5, 50.0), (27.5, 7.5, 50.0), (17.5, 7.5, 50.0), (19.5, 6.5, 120), (31.5, 6.5, 120), (36.5, 18.5, 120), (35.5, 25.5, 120), (27.5, 19.5, 120), (23.5, 26.5, 120), (11.5, 19.5, 120), (6.5, 19.5, 120), (6.5, 6.5, 120), (6.5, 46.5, 120), (19.5, 46.5, 120), (26.5, 46.5, 120), (10, 17, 26), (12.5, 17.5, 50.0), (12.5, 12.5, 50.0), (12.5, 7.5, 50.0), (7.5, 7.5, 50.0), (2.5, 7.5, 50.0), (2.5, 12.5, 50.0), (2.5, 17.5, 50.0), (7.5, 17.5, 50.0), (7.5, 12.5, 50.0), (7.5, 2.5, 50.0), (12.5, 2.5, 50.0), (17.5, 2.5, 50.0), (22.5, 2.5, 50.0), (22.5, 7.5, 50.0), (27.5, 7.5, 50.0), (17.5, 7.5, 50.0), (17.5, 7.5, 50.0), (17.5, 7.5, 50.0)]
Add 2 0 FT 22
Add 2 0 FI 137
Reward 2 67.82813778641449 3.6 0 0
Reward 2 73.30027374141406 1.2 0 0
Reward 2 80.30027374141406 1.2 0 0
Reward 2 87.30027374141406 1.2 0 0
Reward 2 98.49831276859963 4.2 0 0
Reward 2 105.15516701809202 1.8 0 0
Reward 2 117.02530961145297 3.2 0 0
Reward 2 126.02530961145297 3.2 0 0
Reward 2 129.02530961145297 1.2 0 0
Reward 2 134.02530961145297 3.2 0 0
Reward 2 140.68216386094534 3.2 0 0
Reward 2 143.68216386094534 1.6 0 0
Reward 2 148.68216386094534 3.2 0 0
Add 2 151.68216386094534 150.0 ('FT', 0) 26
Miss 2 151.68216386094534 ('FT', 0) 150.0 0
Reward 2 151.68216386094534 0.8 0 0.0
Reward 2 156.68216386094534 3.2 0 0
Reward 2 159.68216386094534 1.6 0 0
Reward 2 178.51920397414798 5.4 0 0
Reward 2 185.17605822364035 2.4 0 0
Reward 2 208.53673799863824 3.6 0 0
Reward 2 214.00887395363782 1.2 0 0
Reward 2 221.00887395363782 1.8 0 0
Reward 2 233.93196080226892 3.2 0 0
Reward 2 236.93196080226892 1.6 0 0
Reward 2 241.93196080226892 2.8 0 0
Reward 2 252.93196080226892 3.2 0 0
Reward 2 258.4040967572685 1.2 0 0
Reward 2 278.3777627182788 3.2 0 0
Reward 2 283.8498986732784 3.2 0 0
Reward 2 288.8498986732784 3.2 0 0
Reward 2 293.8498986732784 3.2 0 0
Reward 2 298.8498986732784 3.2 0 0
Add 2 301.8498986732784 300.0 ('FT', 0) 39
Miss 2 301.8498986732784 ('FT', 0) 300.0 2
Add 2 301.8498986732784 300 ('FI', 0) 137
Miss 2 301.8498986732784 ('FI', 0) 300 73
Reward 2 301.8498986732784 -746.8 0 750.0
Reward 2 331.5232312315982 3.6 0 0
Reward 2 336.9953671865978 2.4 0 0
Reward 2 340.823794311344 0.6 0 0
Reward 2 347.823794311344 1.8 0 0
Reward 2 354.823794311344 1.8 0 0
Reward 2 366.594123925613 6.6 0 0
Reward 2 369.594123925613 1.2 0 0
Reward 2 375.0662598806126 3.0 0 0
Reward 2 422.713875039375 2.4 0 0
Reward 2 443.4663432395772 2.4 0 0
Reward 2 446.4663432395772 1.6 0 0
Add 2 451.4663432395772 450.0 ('FT', 0) 47
Miss 2 451.4663432395772 ('FT', 0) 450.0 0
Reward 2 451.4663432395772 2.4 0 0.0
Reward 2 456.4663432395772 3.2 0 0
Reward 2 461.4663432395772 3.2 0 0
Reward 2 466.4663432395772 3.2 0 0
Reward 2 471.4663432395772 3.2 0 0
Reward 2 476.4663432395772 3.2 0 0
Reward 2 481.4663432395772 3.2 0 0
Reward 2 491.41061514957636 3.2 0 0
Reward 2 496.41061514957636 3.2 0 0
Reward 2 500.23904227432257 2.4 0 0
Reward 2 511.23904227432257 3.2 0 0
Reward 2 516.7111782293222 3.2 0 0
Reward 2 521.7111782293222 3.2 0 0
Reward 2 526.7111782293222 3.2 0 0
Reward 2 532.1833141843217 3.2 0 0
Reward 2 555.0501841020763 6.0 0 0
Reward 2 574.0501841020763 8.4 0 0
Reward 2 580.7070383515687 3.6 0 0
Reward 2 592.5771809449296 3.2 0 0
Reward 2 598.2419424608058 1.4 0 0
Add 2 607.4881537120411 600.0 ('FT', 0) 56
Miss 2 607.4881537120411 ('FT', 0) 600.0 16
Add 2 607.4881537120411 600.0 ('FI', 0) 137
Miss 2 607.4881537120411 ('FI', 0) 600.0 66
Reward 2 607.4881537120411 -810.4 0 820.0
Reward 2 612.987042463722 2.4 0 0
Reward 2 618.4591784187215 3.0 0 0
Reward 2 621.4591784187215 1.8 0 0
Reward 2 632.6572174459071 4.8 0 0
Reward 2 639.6572174459071 4.2 0 0
Reward 2 643.4856445706533 1.8 0 0
Reward 2 648.9577805256529 2.4 0 0
Reward 2 655.9577805256529 2.4 0 0
Reward 2 667.1558195528385 0.6 0 0
Reward 2 699.2041689453586 3.0 0 0
Reward 2 719.9566371455608 2.4 0 0
Reward 2 722.9566371455608 1.6 0 0
Reward 2 727.9566371455608 2.4 0 0
Reward 2 732.9566371455608 3.2 0 0
Reward 2 737.9566371455608 3.2 0 0
Reward 2 742.9566371455608 3.2 0 0
Reward 2 745.9566371455608 1.6 0 0
Add 2 750.9566371455608 750.0 ('FT', 0) 57
Miss 2 750.9566371455608 ('FT', 0) 750.0 0
Reward 2 750.9566371455608 3.2 0 0.0
Reward 2 754.785064270307 2.4 0 0
Reward 2 759.785064270307 3.2 0 0
Reward 2 764.785064270307 3.2 0 0
Reward 2 770.2572002253065 3.2 0 0
Reward 2 775.2572002253065 3.2 0 0
Reward 2 780.2572002253065 3.2 0 0
Reward 2 785.7293361803061 3.2 0 0
Reward 2 818.0687682108966 10.2 0 0
Reward 2 821.0687682108966 1.8 0 0
Reward 2 826.5409041658961 3.0 0 0
Reward 2 841.5409041658961 6.0 0 0
Reward 2 851.0261855401346 5.4 0 0
Reward 2 854.8546126648808 1.2 0 0
Reward 2 860.3267486198804 1.8 0 0
Reward 2 871.030356196447 3.2 0 0
Reward 2 874.030356196447 1.6 0 0
Reward 2 879.030356196447 2.8 0 0
Reward 2 884.5024921514465 1.8 0 0
Reward 2 891.159346400939 1.6 0 0
Reward 2 894.159346400939 0.8 0 0
Reward 2 899.6314823559385 0.8 0 0
Add 2 900.6314823559385 900.0 ('FT', 0) 63
Miss 2 900.6314823559385 ('FT', 0) 900.0 7
Add 2 900.6314823559385 900.0 ('FI', 0) 137
Miss 2 900.6314823559385 ('FI', 0) 900.0 70
Reward 2 900.6314823559385 -769.2 0 770.0
Reward 2 914.5217887913961 5.4 0 0
Reward 2 919.9939247463957 3.6 0 0
Reward 2 923.8223518711419 2.4 0 0
Reward 2 930.8223518711419 2.4 0 0
Reward 2 937.8223518711419 2.4 0 0
Reward 2 949.0203908983275 0.6 0 0
Reward 2 968.4594798129133 10.8 0 0
Reward 2 971.4594798129133 1.8 0 0
Reward 2 976.9316157679128 3.0 0 0
Reward 2 1024.5792309266753 5.4 0 0
Reward 2 1045.3316991268775 2.4 0 0
Reward 2 1048.3316991268775 1.6 0 0
Add 2 1053.3316991268775 1050.0 ('FT', 0) 66
Miss 2 1053.3316991268775 ('FT', 0) 1050.0 0
Reward 2 1053.3316991268775 2.4 0 0.0
Reward 2 1058.3316991268775 3.2 0 0
Reward 2 1063.3316991268775 3.2 0 0
Reward 2 1068.3316991268775 3.2 0 0
Reward 2 1073.3316991268775 3.2 0 0
Reward 2 1078.3316991268775 3.2 0 0
Reward 2 1083.3316991268775 3.2 0 0
Reward 2 1088.3316991268775 3.2 0 0
Reward 2 1093.3316991268775 3.2 0 0
Reward 2 1098.3316991268775 3.2 0 0
Reward 2 1101.3316991268775 1.6 0 0
Reward 2 1106.3316991268775 1.6 0 0
Reward 2 1111.3316991268775 1.6 0 0
Reward 2 1118.3316991268775 2.4 0 0
Reward 2 1129.3316991268775 3.2 0 0
Reward 2 1134.8038350818772 3.2 0 0
Reward 2 1139.8038350818772 3.2 0 0
Reward 2 1144.8038350818772 3.2 0 0
Reward 2 1150.2759710368769 3.2 0 0
Reward 2 1182.6154030674672 10.8 0 0
Reward 2 1194.3857326817363 7.2 0 0
Reward 2 1198.8843038186435 2.0 0 0
Hover 2 1199.8843038186435
Add 2 1200.8843038186435 1200.0 ('FT', 0) 66
Miss 2 1200.8843038186435 ('FT', 0) 1200.0 36
Add 2 1200.8843038186435 1200.0 ('FI', 0) 137
Miss 2 1200.8843038186435 ('FI', 0) 1200.0 63
Reward 2 1200.8843038186435 -982.0 0 990.0
Time 2 1.5867035388946533
Total 2 -2904.999999999998 3330.0 141 [(0, 0, 0), (28.5, 15.5, 80.0), (29.5, 17.5, 80.0), (32.5, 17.5, 80.0), (32.5, 14.5, 80.0), (37.5, 15.5, 80.0), (39.5, 17.5, 80.0), (39.0, 15.0, 32.0), (35.0, 15.0, 32.0), (34.0, 15.0, 32.0), (34.0, 17.0, 32.0), (36.0, 19.0, 32.0), (37.0, 19.0, 32.0), (37.0, 21.0, 32.0), (36.0, 21.0, 32.0), (36.0, 23.0, 32.0), (37.0, 23.0, 32.0), (37.5, 15.5, 80.0), (39.5, 17.5, 80.0), (28.5, 15.5, 80.0), (29.5, 17.5, 80.0), (32.5, 17.5, 80.0), (29.0, 17.0, 32.0), (28.0, 17.0, 32.0), (28.0, 19.0, 32.0), (28.0, 14.0, 32.0), (29.0, 16.0, 32.0), (26.0, 25.0, 32.0), (25.0, 27.0, 32.0), (23.0, 27.0, 32.0), (21.0, 27.0, 32.0), (19.0, 27.0, 32.0), (19.0, 26.0, 32.0), (29.5, 17.5, 80.0), (28.5, 15.5, 80.0), (29.5, 14.5, 80.0), (32.5, 14.5, 80.0), (32.5, 17.5, 80.0), (37.5, 15.5, 80.0), (38.5, 15.5, 80.0), (39.5, 17.5, 80.0), (27.5, 37.5, 80.0), (26.0, 29.0, 32.0), (25.0, 29.0, 32.0), (23.0, 29.0, 32.0), (21.0, 29.0, 32.0), (19.0, 29.0, 32.0), (19.0, 31.0, 32.0), (17.0, 31.0, 32.0), (17.0, 33.0, 32.0), (19.0, 33.0, 32.0), (17.0, 29.0, 32.0), (17.0, 27.0, 32.0), (16.0, 26.0, 32.0), (21.0, 26.0, 32.0), (23.0, 27.0, 32.0), (25.0, 27.0, 32.0), (27.0, 27.0, 32.0), (26.0, 25.0, 32.0), (28.5, 15.5, 80.0), (37.5, 15.5, 80.0), (39.5, 17.5, 80.0), (39.0, 15.0, 32.0), (41.0, 15.0, 44.0), (38.0, 17.0, 64.0), (39.5, 17.5, 80.0), (38.5, 15.5, 80.0), (37.5, 15.5, 80.0), (32.5, 14.5, 80.0), (29.5, 14.5, 80.0), (28.5, 15.5, 80.0), (29.5, 17.5, 80.0), (32.5, 17.5, 80.0), (31.5, 22.5, 80.0), (27.5, 37.5, 80.0), (26.0, 29.0, 32.0), (25.0, 29.0, 32.0), (23.0, 29.0, 32.0), (21.0, 29.0, 32.0), (19.0, 29.0, 32.0), (17.0, 29.0, 32.0), (16.0, 29.0, 32.0), (16.0, 27.0, 32.0), (17.0, 26.0, 32.0), (19.0, 26.0, 32.0), (21.0, 26.0, 32.0), (23.0, 27.0, 32.0), (25.0, 27.0, 32.0), (27.0, 27.0, 32.0), (26.0, 25.0, 32.0), (37.5, 15.5, 80.0), (38.5, 15.5, 80.0), (39.5, 17.5, 80.0), (32.5, 17.5, 80.0), (29.5, 14.5, 80.0), (28.5, 15.5, 80.0), (29.5, 17.5, 80.0), (29.0, 17.0, 32.0), (28.0, 17.0, 32.0), (28.0, 19.0, 32.0), (29.0, 21.0, 32.0), (27.0, 23.0, 32.0), (26.0, 23.0, 32.0), (27.0, 21.0, 32.0), (27.0, 21.0, 32.0), (29.5, 17.5, 80.0), (28.5, 15.5, 80.0), (29.5, 14.5, 80.0), (32.5, 14.5, 80.0), (32.5, 17.5, 80.0), (31.5, 22.5, 80.0), (37.5, 15.5, 80.0), (38.5, 15.5, 80.0), (39.5, 17.5, 80.0), (27.5, 37.5, 80.0), (26.0, 29.0, 32.0), (25.0, 29.0, 32.0), (23.0, 29.0, 32.0), (21.0, 29.0, 32.0), (19.0, 29.0, 32.0), (19.0, 27.0, 32.0), (17.0, 27.0, 32.0), (17.0, 29.0, 32.0), (17.0, 31.0, 32.0), (19.0, 31.0, 32.0), (19.0, 33.0, 32.0), (17.0, 33.0, 32.0), (16.0, 33.0, 32.0), (16.0, 31.0, 32.0), (16.0, 29.0, 32.0), (16.0, 26.0, 32.0), (21.0, 26.0, 32.0), (23.0, 27.0, 32.0), (25.0, 27.0, 32.0), (27.0, 27.0, 32.0), (26.0, 25.0, 32.0), (37.5, 15.5, 80.0), (32.5, 17.5, 80.0), (32.0, 17.0, 64.0), (32.0, 17.0, 64.0), (32.0, 17.0, 64.0)]
Add 3 0 BM 617
Reward 3 69.6585755750875 0 98.4 0
Reward 3 80.6585755750875 0 14.4 0
Reward 3 107.6585755750875 0 9.0 0
Reward 3 118.6585755750875 0 6.0 0
Reward 3 147.51535212945575 0 87.0 0
Reward 3 151.34377925420193 0 7.8 0
Reward 3 172.4435304964437 0 7.8 0
Reward 3 199.5203401172543 0 54.6 0
Reward 3 253.47314929674923 0 6.6 0
Reward 3 270.5976647933463 0 4.8 0
Reward 3 296.3362985470523 0 73.8 0
Reward 3 315.6731466949757 370.2 0 0
Reward 3 328.5828066397432 0 5.0 0
Reward 3 339.5828066397432 0 5.0 0
Reward 3 350.5828066397432 0 5.0 0
Reward 3 361.5828066397432 0 5.0 0
Reward 3 384.9434864147411 0 3.2 0
Reward 3 391.691529560021 0 0.8 0
Reward 3 396.691529560021 0 0.8 0
Reward 3 401.691529560021 0 0.8 0
Reward 3 406.691529560021 0 0.8 0
Reward 3 411.691529560021 0 0.8 0
Reward 3 416.691529560021 0 0.8 0
Reward 3 421.691529560021 0 0.8 0
Reward 3 426.691529560021 0 0.8 0
Reward 3 431.691529560021 0 0.8 0
Reward 3 436.691529560021 0 0.8 0
Reward 3 441.691529560021 0 0.8 0
Reward 3 446.691529560021 0 0.8 0
Reward 3 451.691529560021 0 0.8 0
Reward 3 456.691529560021 0 0.8 0
Reward 3 461.691529560021 0 0.8 0
Reward 3 466.691529560021 0 0.8 0
Reward 3 471.691529560021 0 0.8 0
Reward 3 480.691529560021 0 0.8 0
Reward 3 485.691529560021 0 0.8 0
Reward 3 490.691529560021 0 0.8 0
Reward 3 495.691529560021 0 0.8 0
Reward 3 500.691529560021 0 0.8 0
Reward 3 505.691529560021 0 0.8 0
Reward 3 510.691529560021 0 0.8 0
Reward 3 515.6915295600211 0 0.8 0
Reward 3 520.6915295600211 0 0.8 0
Reward 3 525.6915295600211 0 0.8 0
Reward 3 530.6915295600211 0 0.8 0
Reward 3 535.6915295600211 0 0.8 0
Reward 3 545.6358014700203 0 0.8 0
Reward 3 550.6358014700203 0 0.8 0
Reward 3 564.2849121106938 0 0.8 0
Reward 3 569.2849121106938 0 0.8 0
Reward 3 584.7071172125497 0 0.8 0
Reward 3 587.7071172125497 0 0.4 0
Reward 3 593.1792531675493 50.8 0 0
Add 3 626.1079236691534 600 ('BM', 0) 578
Miss 3 626.1079236691534 ('BM', 0) 600 0
Reward 3 626.1079236691534 0.0 76.8 0.0
Reward 3 651.8465574228593 0 0.6 0
Reward 3 668.9710729194564 0 1.8 0
Reward 3 700.2365648202996 0 21.6 0
Reward 3 721.3363160625413 0 66.0 0
Reward 3 725.1647431872875 0 6.0 0
Reward 3 745.8624587908797 0 54.6 0
Reward 3 785.3332269142225 0 1.2 0
Reward 3 796.3332269142225 0 6.0 0
Reward 3 823.3332269142225 0 97.8 0
Reward 3 834.3332269142225 0 14.4 0
Reward 3 853.6700750621458 346.8 0 0
Reward 3 862.5339163626808 5.0 0 0
Reward 3 873.5339163626808 5.0 0 0
Reward 3 884.5339163626808 0 5.0 0
Reward 3 895.5339163626808 0 5.0 0
Reward 3 906.5339163626808 0 5.0 0
Reward 3 917.5339163626808 0 5.0 0
Reward 3 946.8181876101427 0 5.0 0
Reward 3 957.8181876101427 0 3.0 0
Reward 3 968.8181876101427 0 2.0 0
Reward 3 1009.8181876101427 0 5.0 0
Reward 3 1020.8181876101427 0 5.0 0
Reward 3 1031.8181876101426 0 5.0 0
Reward 3 1042.8181876101426 0 5.0 0
Reward 3 1053.8181876101426 0 5.0 0
Reward 3 1064.8181876101426 0 5.0 0
Reward 3 1097.4409642118264 0 5.0 0
Reward 3 1108.4409642118264 0 3.8 0
Reward 3 1111.4409642118264 0 1.0 0
Reward 3 1136.6070561590157 0 5.0 0
Reward 3 1147.6070561590157 0 3.8 0
Reward 3 1154.3550993042957 0 0.8 0
Reward 3 1159.3550993042957 0 0.8 0
Reward 3 1164.3550993042957 0 0.8 0
Reward 3 1193.7804401113995 76.2 0 0
Hover 3 1194.7804401113995
Hover 3 1195.7804401113995
Hover 3 1196.7804401113995
Hover 3 1197.7804401113995
Hover 3 1198.7804401113995
Hover 3 1199.7804401113995
Add 3 1200.7804401113995 1200.0 ('BM', 0) 578
Miss 3 1200.7804401113995 ('BM', 0) 1200.0 0
Hover 3 1200.7804401113995
Time 3 13.115402936935425
Total 3 854.0 0.0 97 [(0, 0, 0), (6.5, 31.5, 120), (6.5, 36.5, 120), (19.5, 36.5, 120), (19.5, 31.5, 120), (32.5, 36.5, 120), (33.5, 35.5, 120), (43.5, 34.5, 120), (36.5, 45.5, 120), (41.5, 19.5, 120), (33.5, 18.5, 120), (36.5, 6.5, 120), (28, 6, 86), (32.5, 7.5, 50.0), (37.5, 7.5, 50.0), (37.5, 2.5, 50.0), (32.5, 2.5, 50.0), (37.5, 12.5, 50.0), (37.0, 11.0, 26.0), (39.0, 11.0, 26.0), (41.0, 11.0, 26.0), (41.0, 9.0, 26.0), (41.0, 7.0, 26.0), (41.0, 5.0, 26.0), (41.0, 3.0, 26.0), (41.0, 1.0, 26.0), (39.0, 1.0, 26.0), (37.0, 1.0, 26.0), (37.0, 3.0, 26.0), (37.0, 5.0, 26.0), (35.0, 5.0, 26.0), (35.0, 3.0, 26.0), (33.0, 3.0, 26.0), (33.0, 1.0, 26.0), (35.0, 1.0, 26.0), (31.0, 1.0, 26.0), (31.0, 3.0, 26.0), (31.0, 5.0, 26.0), (31.0, 7.0, 26.0), (31.0, 9.0, 26.0), (33.0, 9.0, 26.0), (35.0, 9.0, 26.0), (35.0, 7.0, 26.0), (37.0, 7.0, 26.0), (39.0, 7.0, 26.0), (39.0, 9.0, 26.0), (37.0, 9.0, 26.0), (39.0, 5.0, 26.0), (39.0, 3.0, 26.0), (33.0, 5.0, 26.0), (33.0, 7.0, 26.0), (29.0, 13.0, 26.0), (28.0, 13.0, 26.0), (26, 14, 26), (36.5, 6.5, 120), (33.5, 18.5, 120), (41.5, 19.5, 120), (43.5, 34.5, 120), (33.5, 35.5, 120), (32.5, 36.5, 120), (36.5, 45.5, 120), (19.5, 36.5, 120), (19.5, 31.5, 120), (6.5, 31.5, 120), (6.5, 36.5, 120), (6, 28, 86), (7.5, 27.5, 50.0), (2.5, 27.5, 50.0), (2.5, 32.5, 50.0), (7.5, 32.5, 50.0), (7.5, 37.5, 50.0), (2.5, 37.5, 50.0), (12.5, 27.5, 50.0), (12.5, 32.5, 50.0), (12.5, 37.5, 50.0), (32.5, 37.5, 50.0), (37.5, 37.5, 50.0), (37.5, 42.5, 50.0), (32.5, 42.5, 50.0), (32.5, 47.5, 50.0), (37.5, 47.5, 50.0), (32.5, 32.5, 50.0), (37.5, 32.5, 50.0), (38.5, 32.5, 50.0), (27.5, 37.5, 50.0), (27.5, 32.5, 50.0), (29.0, 33.0, 26.0), (29.0, 31.0, 26.0), (31.0, 31.0, 26.0), (20, 22, 26), (20, 22, 26), (20, 22, 26), (20, 22, 26), (20, 22, 26), (20, 22, 26), (20, 22, 26), (20, 22, 26)]
Add 4 0 FT 1
Add 4 0 FI 99
Reward 4 71.78606265831337 0.8 0 0
Reward 4 83.45272932498004 3.2 0 0
Reward 4 87.78606265831337 1.6 0 0
Reward 4 93.50010786622369 1.6 0 0
Reward 4 101.95366779122298 1.6 0 0
Reward 4 109.62033445788965 3.2 0 0
Reward 4 117.28700112455633 3.2 0 0
Reward 4 121.62033445788965 1.6 0 0
Reward 4 125.95366779122298 1.6 0 0
Reward 4 133.62033445788964 3.2 0 0
Reward 4 141.2870011245563 0.8 0 0
Reward 4 148.95366779122295 0 1.6 0
Add 4 156.6203344578896 150.0 ('FT', 0) 1
Miss 4 156.6203344578896 ('FT', 0) 150.0 0
Reward 4 156.6203344578896 4.8 0 0.0
Reward 4 164.28700112455627 3.2 0 0
Reward 4 171.95366779122293 3.2 0 0
Reward 4 179.62033445788958 3.2 0 0
Reward 4 187.28700112455624 0 3.2 0
Reward 4 194.9536677912229 0 3.2 0
Reward 4 202.62033445788956 9.6 0 0
Reward 4 210.2870011245562 0 1.6 0
Reward 4 217.95366779122287 0 1.6 0
Reward 4 225.62033445788953 0 1.6 0
Reward 4 236.04842487371016 0 1.6 0
Reward 4 243.71509154037682 0 1.6 0
Reward 4 265.79694260816603 11.2 0 0
Reward 4 281.70406245816463 1.6 0 0
Reward 4 289.3707291248313 1.6 0 0
Reward 4 297.8242890498306 1.6 0 0
Add 4 306.2778489748299 300.0 ('FT', 0) 2
Miss 4 306.2778489748299 ('FT', 0) 300.0 1
Add 4 306.2778489748299 300 ('FI', 0) 99
Miss 4 306.2778489748299 ('FI', 0) 300 22
Reward 4 306.2778489748299 -226.8 0 230.0
Reward 4 348.6756481648566 1.6 0 0
Reward 4 360.3423148315233 3.2 0 0
Reward 4 364.6756481648566 1.6 0 0
Reward 4 370.38969337276694 1.6 0 0
Reward 4 378.84325329776624 1.6 0 0
Reward 4 386.5099199644329 3.2 0 0
Reward 4 394.1765866310996 3.2 0 0
Reward 4 398.5099199644329 1.6 0 0
Reward 4 402.84325329776624 1.6 0 0
Reward 4 410.5099199644329 3.2 0 0
Reward 4 418.1765866310996 0.8 0 0
Reward 4 425.8432532977663 0 1.6 0
Reward 4 433.509919964433 4.8 0 0
Reward 4 441.17658663109967 3.2 0 0
Reward 4 448.84325329776635 1.6 0 0
Add 4 456.50991996443304 450.0 ('FT', 0) 2
Miss 4 456.50991996443304 ('FT', 0) 450.0 0
Reward 4 456.50991996443304 1.6 0 0.0
Reward 4 472.41703981443163 3.2 0 0
Reward 4 493.41703981443163 3.2 0 0
Reward 4 501.0837064810983 0 3.2 0
Reward 4 508.750373147765 0 3.2 0
Reward 4 516.4170398144316 9.6 0 0
Reward 4 527.4170398144316 1.6 0 0
Reward 4 541.750373147765 1.6 0 0
Reward 4 546.0837064810984 0 0.8 0
Reward 4 553.750373147765 0 1.6 0
Reward 4 561.4170398144316 0 1.6 0
Reward 4 571.8451302302523 0 1.6 0
Reward 4 579.5117968969189 0 1.6 0
Reward 4 585.2258421048292 7.2 0 0
Add 4 600.3679777285602 600.0 ('FT', 0) 2
Miss 4 600.3679777285602 ('FT', 0) 600.0 2
Add 4 600.3679777285602 600.0 ('FI', 0) 99
Miss 4 600.3679777285602 ('FI', 0) 600.0 21
Reward 4 600.3679777285602 -230.0 3.2 230.0
Reward 4 643.2062908451815 4.4 0 0
Reward 4 660.378970139459 3.2 0 0
Reward 4 664.7123034727924 1.6 0 0
Reward 4 670.4263486807027 1.6 0 0
Reward 4 678.8799086057021 1.6 0 0
Reward 4 686.5465752723687 3.2 0 0
Reward 4 694.2132419390354 3.2 0 0
Reward 4 698.5465752723687 1.6 0 0
Reward 4 702.8799086057021 1.6 0 0
Reward 4 710.5465752723687 3.2 0 0
Reward 4 718.2132419390354 0.8 0 0
Reward 4 725.879908605702 0 1.6 0
Reward 4 733.5465752723686 4.8 0 0
Reward 4 741.2132419390352 3.2 0 0
Reward 4 748.8799086057019 1.6 0 0
Add 4 756.5465752723685 750.0 ('FT', 0) 2
Miss 4 756.5465752723685 ('FT', 0) 750.0 0
Reward 4 756.5465752723685 1.6 0 0.0
Reward 4 772.4536951223671 3.2 0 0
Reward 4 793.4536951223671 3.2 0 0
Reward 4 801.1203617890337 0 3.2 0
Reward 4 811.5484522048544 6.4 0 0
Reward 4 821.976542620675 3.2 0 0
Reward 4 829.6432092873416 0 1.6 0
Reward 4 837.3098759540082 0 1.6 0
Reward 4 844.9765426206749 0 1.6 0
Reward 4 855.4046330364955 0 1.6 0
Reward 4 863.0712997031621 0 1.6 0
Reward 4 887.4046330364955 9.6 0 0
Reward 4 895.0712997031621 0.8 0 0
Add 4 906.0712997031621 900.0 ('FT', 0) 2
Miss 4 906.0712997031621 ('FT', 0) 900.0 2
Add 4 906.0712997031621 900.0 ('FI', 0) 99
Miss 4 906.0712997031621 ('FI', 0) 900.0 21
Reward 4 906.0712997031621 -230.0 3.2 230.0
Reward 4 948.9096128197834 4.4 0 0
Reward 4 966.082292114061 3.2 0 0
Reward 4 970.4156254473944 1.6 0 0
Reward 4 976.1296706553047 1.6 0 0
Reward 4 984.5832305803041 1.6 0 0
Reward 4 992.2498972469707 3.2 0 0
Reward 4 999.9165639136373 3.2 0 0
Reward 4 1004.2498972469707 1.6 0 0
Reward 4 1008.5832305803041 1.6 0 0
Reward 4 1016.2498972469707 3.2 0 0
Reward 4 1023.9165639136373 0.8 0 0
Reward 4 1031.583230580304 0 1.6 0
Reward 4 1039.2498972469707 4.8 0 0
Reward 4 1046.9165639136374 3.2 0 0
Add 4 1054.5832305803042 1050.0 ('FT', 0) 2
Miss 4 1054.5832305803042 ('FT', 0) 1050.0 0
Reward 4 1054.5832305803042 1.6 0 0.0
Reward 4 1065.0113209961248 3.2 0 0
Reward 4 1072.6779876627916 3.2 0 0
Reward 4 1080.3446543294583 0 3.2 0
Reward 4 1094.6779876627916 6.4 0 0
Reward 4 1102.3446543294583 0 1.6 0
Reward 4 1110.011320996125 0 1.6 0
Reward 4 1117.6779876627918 0 1.6 0
Reward 4 1128.1060780786124 0 1.6 0
Reward 4 1135.7727447452792 0 1.6 0
Reward 4 1157.8545958130683 11.2 0 0
Reward 4 1173.761715663067 1.6 0 0
Reward 4 1182.2152755880663 1.6 0 0
Reward 4 1189.881942254733 1.6 0 0
Hover 4 1190.881942254733
Hover 4 1191.881942254733
Hover 4 1192.881942254733
Hover 4 1193.881942254733
Hover 4 1194.881942254733
Hover 4 1195.881942254733
Hover 4 1196.881942254733
Hover 4 1197.881942254733
Hover 4 1198.881942254733
Hover 4 1199.881942254733
Add 4 1200.881942254733 1200.0 ('FT', 0) 2
Miss 4 1200.881942254733 ('FT', 0) 1200.0 2
Add 4 1200.881942254733 1200.0 ('FI', 0) 99
Miss 4 1200.881942254733 ('FI', 0) 1200.0 20
Reward 4 1200.881942254733 -218.4 0 220.0
Time 4 0.3137784004211426
Total 4 -653.9999999999999 910.0 128 [(0, 0, 0), (17.0, 11.0, 64.0), (17.0, 11.0, 32.0), (16.0, 11.0, 32.0), (17.0, 10.0, 32.0), (19.0, 11.0, 32.0), (19.0, 13.0, 32.0), (19.0, 15.0, 32.0), (19.0, 16.0, 32.0), (19.0, 17.0, 32.0), (21.0, 17.0, 32.0), (23.0, 17.0, 32.0), (23.0, 19.0, 32.0), (21.0, 19.0, 32.0), (19.0, 19.0, 32.0), (19.0, 21.0, 32.0), (21.0, 21.0, 32.0), (21.0, 23.0, 32.0), (19.0, 23.0, 32.0), (17.0, 23.0, 32.0), (17.0, 25.0, 32.0), (19.0, 25.0, 32.0), (21.0, 25.0, 32.0), (23.0, 23.0, 32.0), (23.0, 21.0, 32.0), (21.0, 15.0, 32.0), (17.0, 17.0, 32.0), (17.0, 19.0, 32.0), (16.0, 21.0, 32.0), (17.0, 23.0, 32.0), (17.0, 11.0, 64.0), (17.0, 11.0, 32.0), (16.0, 11.0, 32.0), (17.0, 10.0, 32.0), (19.0, 11.0, 32.0), (19.0, 13.0, 32.0), (19.0, 15.0, 32.0), (19.0, 16.0, 32.0), (19.0, 17.0, 32.0), (21.0, 17.0, 32.0), (23.0, 17.0, 32.0), (23.0, 19.0, 32.0), (21.0, 19.0, 32.0), (19.0, 19.0, 32.0), (17.0, 19.0, 32.0), (17.0, 17.0, 32.0), (21.0, 15.0, 32.0), (21.0, 21.0, 32.0), (21.0, 23.0, 32.0), (19.0, 23.0, 32.0), (19.0, 21.0, 32.0), (16.0, 21.0, 32.0), (16.0, 25.0, 32.0), (17.0, 25.0, 32.0), (19.0, 25.0, 32.0), (21.0, 25.0, 32.0), (23.0, 23.0, 32.0), (23.0, 21.0, 32.0), (22, 20, 32), (19.0, 23.0, 32.0), (17.5, 11.5, 80.0), (17.0, 11.0, 32.0), (16.0, 11.0, 32.0), (17.0, 10.0, 32.0), (19.0, 11.0, 32.0), (19.0, 13.0, 32.0), (19.0, 15.0, 32.0), (19.0, 16.0, 32.0), (19.0, 17.0, 32.0), (21.0, 17.0, 32.0), (23.0, 17.0, 32.0), (23.0, 19.0, 32.0), (21.0, 19.0, 32.0), (19.0, 19.0, 32.0), (17.0, 19.0, 32.0), (17.0, 17.0, 32.0), (21.0, 15.0, 32.0), (21.0, 21.0, 32.0), (21.0, 23.0, 32.0), (19.0, 21.0, 32.0), (17.0, 23.0, 32.0), (17.0, 25.0, 32.0), (19.0, 25.0, 32.0), (21.0, 25.0, 32.0), (23.0, 23.0, 32.0), (23.0, 21.0, 32.0), (16.0, 21.0, 32.0), (16.0, 23.0, 32.0), (19.0, 23.0, 32.0), (17.5, 11.5, 80.0), (17.0, 11.0, 32.0), (16.0, 11.0, 32.0), (17.0, 10.0, 32.0), (19.0, 11.0, 32.0), (19.0, 13.0, 32.0), (19.0, 15.0, 32.0), (19.0, 16.0, 32.0), (19.0, 17.0, 32.0), (21.0, 17.0, 32.0), (23.0, 17.0, 32.0), (23.0, 19.0, 32.0), (21.0, 19.0, 32.0), (19.0, 19.0, 32.0), (17.0, 19.0, 32.0), (19.0, 21.0, 32.0), (21.0, 21.0, 32.0), (21.0, 23.0, 32.0), (17.0, 23.0, 32.0), (17.0, 25.0, 32.0), (19.0, 25.0, 32.0), (21.0, 25.0, 32.0), (23.0, 23.0, 32.0), (23.0, 21.0, 32.0), (21.0, 15.0, 32.0), (17.0, 17.0, 32.0), (16.0, 15.0, 32.0), (16.0, 13.0, 32.0), (16.0, 13.0, 32.0), (16.0, 13.0, 32.0), (16.0, 13.0, 32.0), (16.0, 13.0, 32.0), (16.0, 13.0, 32.0), (16.0, 13.0, 32.0), (16.0, 13.0, 32.0), (16.0, 13.0, 32.0), (16.0, 13.0, 32.0), (16.0, 13.0, 32.0), (16.0, 13.0, 32.0)]
Add 5 0 FT 28
Add 5 0 FI 84
Reward 5 82.90735442467515 1.2 0 0
Reward 5 91.2319097450119 3.0 0 0
Reward 5 103.2319097450119 3.0 0 0
Reward 5 107.2319097450119 0.6 0 0
Reward 5 116.44301229593988 3.0 0 0
Reward 5 125.65411484686786 0.6 0 0
Reward 5 141.65411484686786 1.2 0 0
Add 5 155.57720169549896 150.0 ('FT', 0) 36
Miss 5 155.57720169549896 ('FT', 0) 150.0 7
Reward 5 155.57720169549896 -68.4 0 70.0
Reward 5 171.07386795054134 6.6 0 0
Reward 5 180.28497050146933 3.6 0 0
Reward 5 188.3049372787863 3.0 0 0
Reward 5 197.30207955260065 2.6 0 0
Reward 5 218.85099256586048 4.2 0 0
Reward 5 234.64084390661105 3.2 0 0
Reward 5 239.46927103135724 2.6 0 0
Reward 5 243.46927103135724 0.8 0 0
Reward 5 249.46927103135724 1.6 0 0
Reward 5 253.46927103135724 0.8 0 0
Reward 5 263.46927103135727 1.8 0 0
Reward 5 269.46927103135727 2.0 0 0
Reward 5 277.46927103135727 2.8 0 0
Reward 5 283.46927103135727 0.8 0 0
Reward 5 297.5092045859912 2.0 0 0
Add 5 308.6874397104582 300.0 ('FT', 0) 51
Miss 5 308.6874397104582 ('FT', 0) 300.0 6
Add 5 308.6874397104582 300 ('FI', 0) 84
Miss 5 308.6874397104582 ('FI', 0) 300 61
Reward 5 308.6874397104582 -662.2 0 670.0
Reward 5 317.01199503079494 3.6 0 0
Reward 5 321.01199503079494 0.6 0 0
Reward 5 333.01199503079494 0 4.2 0
Reward 5 350.63249438260823 7.2 0 0
Reward 5 358.95704970294497 1.2 0 0
Reward 5 369.2032609541803 3.6 0 0
Reward 5 375.6753969091799 1.2 0 0
Reward 5 400.9992044885611 3.6 0 0
Reward 5 416.9992044885611 1.8 0 0
Reward 5 430.9222913371922 1.6 0 0
Reward 5 434.9222913371922 0.8 0 0
Reward 5 440.9222913371922 2.8 0 0
Reward 5 448.9222913371922 2.0 0 0
Add 5 454.9222913371922 450.0 ('FT', 0) 58
Miss 5 454.9222913371922 ('FT', 0) 450.0 0
Reward 5 454.9222913371922 2.6 0 0.0
Reward 5 470.1192606862511 7.8 0 0
Reward 5 482.1192606862511 4.8 0 0
Reward 5 494.1192606862511 4.2 0 0
Reward 5 500.5913966412507 3.0 0 0
Reward 5 523.8573318428824 0 5.0 0
Reward 5 535.4614976057168 8.4 0 0
Reward 5 551.6036332294477 3.6 0 0
Reward 5 566.8006025785066 3.2 0 0
Reward 5 570.8006025785066 1.6 0 0
Reward 5 576.8006025785066 2.4 0 0
Reward 5 580.8006025785066 1.2 0 0
Reward 5 591.7448744885058 2.6 0 0
Add 5 600.7420167623202 600.0 ('FT', 0) 67
Miss 5 600.7420167623202 ('FT', 0) 600.0 6
Add 5 600.7420167623202 600.0 ('FI', 0) 84
Miss 5 600.7420167623202 ('FI', 0) 600.0 62
Reward 5 600.7420167623202 -673.6 0 680.0
Reward 5 608.7619835396372 0 1.8 0
Reward 5 620.7619835396372 6.6 0 0
Reward 5 624.7619835396372 1.2 0 0
Reward 5 633.086538859974 4.8 0 0
Reward 5 642.297641410902 5.4 0 0
Reward 5 654.4956804380876 4.8 0 0
Reward 5 662.8202357584244 1.2 0 0
Reward 5 673.0664470096597 3.6 0 0
Reward 5 679.5385829646592 3.0 0 0
Reward 5 714.3410218983727 3.6 0 0
Reward 5 725.2852938083719 1.2 0 0
Reward 5 745.3451941403227 1.6 0 0
Reward 5 749.3451941403227 0.8 0 0
Add 5 755.3451941403227 750.0 ('FT', 0) 75
Miss 5 755.3451941403227 ('FT', 0) 750.0 0
Reward 5 755.3451941403227 3.4 0 0.0
Reward 5 767.0488017168893 8.4 0 0
Reward 5 776.2599042678173 6.0 0 0
Reward 5 785.4710068187453 5.4 0 0
Reward 5 797.6690458459309 6.0 0 0
Reward 5 809.6690458459309 4.2 0 0
Reward 5 816.1411818009304 3.0 0 0
Reward 5 839.4071170025621 0 6.4 0
Reward 5 848.4042592763765 9.0 0 0
Reward 5 854.876395231376 2.0 0 0
Reward 5 864.087497782304 3.2 0 0
Reward 5 868.087497782304 1.6 0 0
Reward 5 874.087497782304 2.4 0 0
Reward 5 878.087497782304 1.2 0 0
Reward 5 887.298600333232 2.4 0 0
Reward 5 895.6231556535688 1.2 0 0
Add 5 905.4308441719461 900.0 ('FT', 0) 80
Miss 5 905.4308441719461 ('FT', 0) 900.0 11
Add 5 905.4308441719461 900.0 ('FI', 0) 84
Miss 5 905.4308441719461 ('FI', 0) 900.0 61
Reward 5 905.4308441719461 -710.4 0 720.0
Reward 5 911.929732923627 3.0 0 0
Reward 5 920.2542882439637 4.8 0 0
Reward 5 924.2542882439637 1.2 0 0
Reward 5 936.2542882439637 0 5.4 0
Reward 5 953.8747875957771 11.4 0 0
Reward 5 962.1993429161139 1.2 0 0
Reward 5 972.4455541673492 3.6 0 0
Reward 5 978.9176901223487 3.0 0 0
Reward 5 1004.2414977017299 6.0 0 0
Reward 5 1020.2414977017299 4.8 0 0
Reward 5 1031.185769611729 1.8 0 0
Add 5 1051.24566994368 1050.0 ('FT', 0) 87
Miss 5 1051.24566994368 ('FT', 0) 1050.0 0
Reward 5 1051.24566994368 1.6 0 0.0
Reward 5 1064.477766809359 9.6 0 0
Reward 5 1073.688869360287 6.0 0 0
Reward 5 1082.899971911215 7.2 0 0
Reward 5 1095.0980109384006 7.2 0 0
Reward 5 1111.2401465621315 6.6 0 0
Reward 5 1117.7122825171311 1.8 0 0
Reward 5 1139.212026105189 0 7.2 0
Reward 5 1161.1178041608189 12.6 0 0
Reward 5 1172.062076070818 1.8 0 0
Reward 5 1194.8023750079115 2.8 0 0
Hover 5 1196.8023750079115
Hover 5 1198.8023750079115
Add 5 1200.8023750079115 1200.0 ('FT', 0) 87
Miss 5 1200.8023750079115 ('FT', 0) 1200.0 2
Add 5 1200.8023750079115 1200.0 ('FI', 0) 84
Miss 5 1200.8023750079115 ('FI', 0) 1200.0 79
Reward 5 1200.8023750079115 -806.6 0 810.0
Time 5 1.095121145248413
Total 5 -2599.6 2950.0 107 [(0, 0, 0), (29.5, 26.5, 80.0), (32.5, 27.5, 80.0), (37.5, 27.5, 80.0), (38.5, 27.5, 80.0), (36.5, 24.5, 80.0), (33.5, 22.5, 80.0), (40.5, 22.5, 80.0), (41.0, 26.0, 32.0), (36.5, 24.5, 80.0), (38.5, 27.5, 80.0), (38.0, 30.0, 64.0), (37.0, 31.0, 32.0), (28.5, 30.5, 80.0), (32.0, 27.0, 32.0), (33.0, 26.0, 32.0), (33.0, 27.0, 32.0), (33.0, 29.0, 32.0), (32.0, 29.0, 32.0), (36.0, 29.0, 32.0), (36.0, 27.0, 32.0), (39.0, 27.0, 32.0), (41.0, 27.0, 32.0), (40.0, 22.0, 64.0), (36.5, 24.5, 80.0), (37.5, 27.5, 80.0), (38.5, 27.5, 80.0), (38.5, 32.5, 80.0), (32.5, 27.5, 80.0), (29.5, 26.5, 80.0), (28.5, 30.5, 80.0), (27.5, 32.5, 80.0), (33.5, 22.5, 80.0), (40.5, 22.5, 80.0), (41.0, 26.0, 32.0), (41.0, 27.0, 32.0), (39.0, 27.0, 32.0), (36.0, 27.0, 32.0), (36.0, 29.0, 32.0), (36.5, 24.5, 80.0), (32.5, 27.5, 80.0), (28.5, 30.5, 80.0), (27.5, 32.5, 80.0), (38.0, 32.0, 64.0), (38.5, 27.5, 80.0), (33.5, 22.5, 80.0), (33.0, 27.0, 32.0), (32.0, 27.0, 32.0), (32.0, 29.0, 32.0), (33.0, 29.0, 32.0), (37.0, 31.0, 32.0), (38.0, 30.0, 64.0), (38.5, 32.5, 80.0), (38.5, 27.5, 80.0), (37.5, 27.5, 80.0), (36.5, 24.5, 80.0), (33.5, 22.5, 80.0), (32.5, 27.5, 80.0), (29.5, 26.5, 80.0), (28.5, 30.5, 80.0), (27.5, 32.5, 80.0), (40.5, 22.5, 80.0), (42.5, 18.5, 80.0), (41.0, 26.0, 32.0), (41.0, 27.0, 32.0), (39.0, 27.0, 32.0), (38.5, 27.5, 80.0), (36.5, 24.5, 80.0), (33.5, 22.5, 80.0), (32.5, 27.5, 80.0), (28.5, 30.5, 80.0), (27.5, 32.5, 80.0), (38.0, 32.0, 64.0), (37.0, 31.0, 32.0), (36.0, 29.0, 32.0), (33.0, 27.0, 32.0), (32.0, 27.0, 32.0), (32.0, 29.0, 32.0), (33.0, 29.0, 32.0), (36.0, 27.0, 32.0), (35.0, 24.0, 32.0), (36.0, 26.0, 64.0), (36.5, 24.5, 80.0), (37.5, 27.5, 80.0), (38.5, 27.5, 80.0), (38.5, 32.5, 80.0), (32.5, 27.5, 80.0), (29.5, 26.5, 80.0), (28.5, 30.5, 80.0), (27.5, 32.5, 80.0), (33.5, 22.5, 80.0), (40.5, 22.5, 80.0), (42.5, 18.5, 80.0), (41.0, 26.0, 32.0), (38.5, 27.5, 80.0), (36.5, 24.5, 80.0), (33.5, 22.5, 80.0), (32.5, 27.5, 80.0), (27.5, 32.5, 80.0), (28.5, 30.5, 80.0), (38.0, 32.0, 64.0), (40.5, 22.5, 80.0), (42.5, 18.5, 80.0), (39.0, 27.0, 32.0), (39.0, 27.0, 32.0), (39.0, 27.0, 32.0), (39.0, 27.0, 32.0)]
