Start 2 1 5 0
Add 0 0 FI 3
Add 0 0 BM 275
Reward 0 79.69536199802374 0 1.6 0
Reward 0 84.69536199802374 0 0.8 0
Reward 0 119.1193055116189 23.4 0 0
Reward 0 126.1193055116189 9.0 0 0
Reward 0 135.1193055116189 19.2 0 0
Reward 0 142.1193055116189 4.8 0 0
Reward 0 159.1193055116189 36.6 0 0
Reward 0 166.1193055116189 12.6 0 0
Reward 0 173.1193055116189 14.4 0 0
Reward 0 188.26144113534986 20.4 0 0
Reward 0 221.26144113534986 24.0 0 0
Reward 0 230.26144113534986 3.0 0 0
Reward 0 244.6405292956095 1.8 0 0
Reward 0 251.6405292956095 1.8 0 0
Reward 0 258.6405292956095 1.8 0 0
Reward 0 265.6405292956095 1.8 0 0
Reward 0 272.6405292956095 1.8 0 0
Reward 0 279.6405292956095 1.8 0 0
Reward 0 286.6405292956095 1.8 0 0
Reward 0 293.6405292956095 1.8 0 0
Add 0 300.6405292956095 300 ('FI', 0) 3
Miss 0 300.6405292956095 ('FI', 0) 300 0
Reward 0 300.6405292956095 1.8 0 0.0
Reward 0 351.6461289820446 0 1.6 0
Reward 0 356.6461289820446 0 0.8 0
Reward 0 380.45051452518084 2.4 0 0
Reward 0 392.64158239201106 1.8 0 0
Reward 0 399.64158239201106 1.8 0 0
Reward 0 403.4700095167573 1.0 0 0
Reward 0 408.9421454717569 1.4 0 0
Reward 0 415.9421454717569 1.8 0 0
Reward 0 422.9421454717569 1.8 0 0
Reward 0 429.9421454717569 1.8 0 0
Reward 0 433.2312501002088 0.4 0 0
Reward 0 438.2312501002088 0.6 0 0
Reward 0 443.2312501002088 0.6 0 0
Reward 0 448.2312501002088 0.6 0 0
Reward 0 453.2312501002088 0.6 0 0
Reward 0 458.7033860552084 0.6 0 0
Reward 0 467.7033860552084 0.8 0 0
Reward 0 472.7033860552084 0.8 0 0
Reward 0 485.24634927961483 1.8 0 0
Reward 0 490.24634927961483 1.2 0 0
Reward 0 494.8850303593469 0.8 0 0
Reward 0 499.8850303593469 1.2 0 0
Reward 0 504.52371143907897 1.4 0 0
Reward 0 511.52371143907897 1.8 0 0
Reward 0 515.3521385638252 1.0 0 0
Reward 0 522.3521385638252 1.8 0 0
Reward 0 529.3521385638252 1.8 0 0
Reward 0 538.3521385638252 1.8 0 0
Reward 0 545.3521385638252 1.8 0 0
Reward 0 552.3521385638252 1.8 0 0
Reward 0 555.6412431922771 0.4 0 0
Reward 0 562.2980974417695 0.8 0 0
Reward 0 567.2980974417695 1.0 0 0
Reward 0 572.2980974417695 0.8 0 0
Reward 0 577.2980974417695 0.8 0 0
Reward 0 587.0867264588575 1.2 0 0
Reward 0 593.4941287926957 1.2 0 0
Reward 0 598.4941287926957 1.2 0 0
Add 0 603.1328098724277 600.0 ('FI', 0) 3
Miss 0 603.1328098724277 ('FI', 0) 600.0 0
Add 0 603.1328098724277 600 ('BM', 0) 275
Miss 0 603.1328098724277 ('BM', 0) 600 0
Reward 0 603.1328098724277 7.2 0 0.0
Reward 0 656.7879140884485 0 1.6 0
Reward 0 661.7879140884485 0 0.8 0
Reward 0 696.2118576020437 23.4 0 0
Reward 0 703.2118576020437 9.0 0 0
Reward 0 712.2118576020437 19.2 0 0
Reward 0 719.2118576020437 4.8 0 0
Reward 0 736.2118576020437 36.6 0 0
Reward 0 743.2118576020437 12.6 0 0
Reward 0 750.2118576020437 14.4 0 0
Reward 0 765.3539932257746 20.4 0 0
Reward 0 798.3539932257746 18.6 0 0
Reward 0 807.3539932257746 3.0 0 0
Reward 0 821.7330813860343 1.8 0 0
Reward 0 826.7330813860343 1.2 0 0
Reward 0 834.9441839369623 1.2 0 0
Reward 0 841.9441839369623 1.8 0 0
Reward 0 848.9441839369623 1.8 0 0
Reward 0 855.9441839369623 1.8 0 0
Reward 0 862.9441839369623 1.8 0 0
Reward 0 869.9441839369623 1.8 0 0
Reward 0 876.9441839369623 1.8 0 0
Reward 0 883.9441839369623 1.8 0 0
Reward 0 890.9441839369623 1.8 0 0
Reward 0 895.9441839369623 1.2 0 0
Add 0 900.5828650166943 900.0 ('FI', 0) 3
Miss 0 900.5828650166943 ('FI', 0) 900.0 0
Reward 0 900.5828650166943 0.8 0 0.0
Reward 0 957.2967771033536 0 1.6 0
Reward 0 962.2967771033536 0 0.8 0
Reward 0 986.1011626464898 2.4 0 0
Reward 0 998.2922305133201 1.8 0 0
Reward 0 1005.2922305133201 1.8 0 0
Reward 0 1009.1206576380663 1.0 0 0
Reward 0 1014.5927935930658 1.4 0 0
Reward 0 1021.5927935930658 1.8 0 0
Reward 0 1028.5927935930658 1.8 0 0
Reward 0 1035.5927935930658 1.8 0 0
Reward 0 1038.8818982215178 0.4 0 0
Reward 0 1043.8818982215178 0.6 0 0
Reward 0 1048.8818982215178 0.6 0 0
Reward 0 1053.8818982215178 0.6 0 0
Reward 0 1058.8818982215178 0.6 0 0
Reward 0 1064.3540341765174 0.6 0 0
Reward 0 1073.3540341765174 0.8 0 0
Reward 0 1078.3540341765174 0.8 0 0
Reward 0 1090.896997400924 1.8 0 0
Reward 0 1097.896997400924 1.8 0 0
Reward 0 1104.896997400924 1.8 0 0
Reward 0 1111.896997400924 1.8 0 0
Reward 0 1115.7254245256702 1.0 0 0
Reward 0 1124.7254245256702 1.8 0 0
Reward 0 1131.7254245256702 1.8 0 0
Reward 0 1140.7254245256702 1.8 0 0
Reward 0 1145.3641056054023 0.8 0 0
Reward 0 1150.3641056054023 1.2 0 0
Reward 0 1160.3083775154014 0.8 0 0
Reward 0 1165.3083775154014 0.8 0 0
Reward 0 1170.3083775154014 0.6 0 0
Reward 0 1180.2526494254005 1.2 0 0
Reward 0 1185.7247853804001 0.8 0 0
Reward 0 1190.7247853804001 0.4 0 0
Reward 0 1198.0493407007368 0.6 0 0
Hover 0 1199.0493407007368
Add 0 1200.0493407007368 1200.0 ('FI', 0) 3
Miss 0 1200.0493407007368 ('FI', 0) 1200.0 0
Add 0 1200.0493407007368 1200.0 ('BM', 0) 275
Miss 0 1200.0493407007368 ('BM', 0) 1200.0 0
Reward 0 1200.0493407007368 3.6 0 0.0
Time 0 3.787184238433838
Total 0 461.0000000000006 0.0 123 [(0, 0, 0), (13.0, 37.0, 32.0), (13.0, 39.0, 32.0), (12.0, 24.0, 105.0), (9.0, 24.0, 105.0), (9.0, 20.0, 105.0), (12.0, 20.0, 105.0), (12.0, 12.0, 105.0), (12.0, 9.0, 105.0), (9.0, 9.0, 105.0), (4.0, 14.0, 105.0), (20.0, 14.0, 105.0), (24.0, 14.0, 105.0), (22.5, 13.5, 40.0), (19.5, 13.5, 40.0), (16.5, 13.5, 40.0), (13.5, 13.5, 40.0), (13.5, 16.5, 40.0), (10.5, 16.5, 40.0), (7.5, 16.5, 40.0), (7.5, 13.5, 40.0), (4.5, 13.5, 40.0), (13.0, 37.0, 32.0), (13.0, 39.0, 32.0), (10, 28, 31), (10.5, 22.5, 40.0), (7.5, 22.5, 40.0), (6.5, 21.5, 40.0), (7.5, 19.5, 40.0), (10.5, 19.5, 40.0), (13.5, 19.5, 40.0), (13.5, 22.5, 40.0), (13.0, 23.0, 31.0), (13.0, 25.0, 31.0), (11.0, 25.0, 31.0), (9.0, 25.0, 31.0), (7.0, 25.0, 31.0), (6.0, 23.0, 31.0), (6.0, 19.0, 31.0), (6.0, 17.0, 31.0), (1.5, 13.5, 40.0), (1.5, 11.5, 40.0), (3.0, 11.0, 31.0), (5.0, 11.0, 31.0), (6.5, 10.5, 40.0), (6.5, 7.5, 40.0), (7.5, 6.5, 40.0), (10.5, 6.5, 40.0), (13.5, 6.5, 40.0), (13.5, 10.5, 40.0), (10.5, 10.5, 40.0), (10.5, 13.5, 40.0), (11.0, 13.0, 31.0), (9.0, 11.0, 31.0), (9.0, 9.0, 31.0), (11.0, 9.0, 31.0), (13.0, 9.0, 31.0), (16.5, 11.5, 40.0), (19.0, 11.0, 31.0), (21.0, 11.0, 31.0), (19.5, 11.5, 40.0), (13.0, 37.0, 32.0), (13.0, 39.0, 32.0), (12.0, 24.0, 105.0), (9.0, 24.0, 105.0), (9.0, 20.0, 105.0), (12.0, 20.0, 105.0), (12.0, 12.0, 105.0), (12.0, 9.0, 105.0), (9.0, 9.0, 105.0), (4.0, 14.0, 105.0), (20.0, 14.0, 105.0), (24.0, 14.0, 105.0), (22.5, 13.5, 40.0), (22.5, 11.5, 40.0), (19.5, 13.5, 40.0), (16.5, 13.5, 40.0), (13.5, 13.5, 40.0), (13.5, 16.5, 40.0), (10.5, 16.5, 40.0), (7.5, 16.5, 40.0), (7.5, 13.5, 40.0), (4.5, 13.5, 40.0), (1.5, 13.5, 40.0), (1.5, 11.5, 40.0), (3.0, 11.0, 31.0), (13.0, 37.0, 32.0), (13.0, 39.0, 32.0), (10, 28, 31), (10.5, 22.5, 40.0), (7.5, 22.5, 40.0), (6.5, 21.5, 40.0), (7.5, 19.5, 40.0), (10.5, 19.5, 40.0), (13.5, 19.5, 40.0), (13.5, 22.5, 40.0), (13.0, 23.0, 31.0), (13.0, 25.0, 31.0), (11.0, 25.0, 31.0), (9.0, 25.0, 31.0), (7.0, 25.0, 31.0), (6.0, 23.0, 31.0), (6.0, 19.0, 31.0), (6.0, 17.0, 31.0), (10.5, 13.5, 40.0), (10.5, 10.5, 40.0), (7.5, 10.5, 40.0), (7.5, 7.5, 40.0), (6.5, 6.5, 40.0), (10.5, 6.5, 40.0), (13.5, 6.5, 40.0), (13.5, 10.5, 40.0), (15.0, 11.0, 31.0), (17.0, 11.0, 31.0), (13.0, 9.0, 31.0), (11.0, 9.0, 31.0), (9.0, 9.0, 31.0), (5.0, 11.0, 31.0), (6.0, 9.0, 31.0), (6.0, 7.0, 31.0), (9.0, 6.0, 31.0), (9.0, 6.0, 31.0), (9.0, 6.0, 31.0)]
Add 1 0 BM 360
Reward 1 32.232432915661946 54.0 0 0
Reward 1 44.232432915661946 24.0 0 0
Reward 1 66.23243291566195 0 60.0 0
Reward 1 90.23243291566195 0 66.0 0
Reward 1 100.23243291566195 0 12.0 0
Reward 1 140.89300714833468 138.0 0 0
Reward 1 148.91297392565164 5.0 0 0
Reward 1 160.91297392565164 0 5.0 0
Reward 1 172.91297392565164 0 5.0 0
Reward 1 184.91297392565164 0 5.0 0
Reward 1 196.91297392565164 0 5.0 0
Reward 1 208.91297392565164 0 5.0 0
Reward 1 220.91297392565164 0 5.0 0
Reward 1 232.91297392565164 0 5.0 0
Reward 1 244.91297392565164 0 5.0 0
Reward 1 276.9129739256516 45.0 0 0
Reward 1 293.05510954938256 5.0 0 0
Reward 1 305.05510954938256 5.0 0 0
Reward 1 317.05510954938256 5.0 0 0
Reward 1 329.05510954938256 5.0 0 0
Reward 1 336.0591079506613 0.8 0 0
Reward 1 342.0591079506613 0.8 0 0
Reward 1 348.0591079506613 0.8 0 0
Reward 1 354.0591079506613 0.8 0 0
Reward 1 364.0591079506613 0.8 0 0
Reward 1 370.0591079506613 0.8 0 0
Reward 1 376.0591079506613 0.8 0 0
Reward 1 382.0591079506613 0.8 0 0
Reward 1 388.0591079506613 0.8 0 0
Reward 1 394.0591079506613 0.8 0 0
Reward 1 400.0591079506613 0.8 0 0
Reward 1 406.0591079506613 0.8 0 0
Reward 1 412.0591079506613 0.8 0 0
Reward 1 418.0591079506613 0.8 0 0
Reward 1 424.0591079506613 0.8 0 0
Reward 1 430.0591079506613 0.8 0 0
Reward 1 436.0591079506613 0.8 0 0
Reward 1 442.0591079506613 0.8 0 0
Reward 1 448.0591079506613 0.8 0 0
Reward 1 454.0591079506613 0 0.8 0
Reward 1 460.0591079506613 0 0.8 0
Reward 1 466.0591079506613 0 0.8 0
Reward 1 472.0591079506613 0 0.8 0
Reward 1 478.0591079506613 0 0.8 0
Reward 1 484.0591079506613 0 0.8 0
Reward 1 490.0591079506613 0 0.8 0
Reward 1 496.0591079506613 0 0.8 0
Reward 1 502.0591079506613 0 0.8 0
Reward 1 508.0591079506613 0 0.8 0
Reward 1 514.0591079506613 0 0.8 0
Reward 1 520.0591079506613 0 0.8 0
Reward 1 526.0591079506613 0 0.8 0
Reward 1 532.0591079506613 0 0.8 0
Reward 1 538.0591079506613 0 0.8 0
Reward 1 544.0591079506613 0 0.8 0
Reward 1 550.0591079506613 0 0.8 0
Reward 1 556.0591079506613 0 0.8 0
Reward 1 562.0591079506613 0 0.8 0
Reward 1 598.1178806825142 15.2 0 0
Add 1 620.4018645121271 600 ('BM', 0) 360
Miss 1 620.4018645121271 ('BM', 0) 600 0
Reward 1 620.4018645121271 0.0 78.0 0.0
Reward 1 642.4018645121271 108.0 0 0
Reward 1 654.4018645121271 30.0 0 0
Reward 1 708.4018645121271 0 66.0 0
Reward 1 718.4018645121271 0 12.0 0
Reward 1 759.0624387447998 78.0 0 0
Reward 1 767.0824055221168 5.0 0 0
Reward 1 779.0824055221168 0 5.0 0
Reward 1 791.0824055221168 0 5.0 0
Reward 1 803.0824055221168 0 5.0 0
Reward 1 815.0824055221168 0 5.0 0
Reward 1 827.0824055221168 0 5.0 0
Reward 1 839.0824055221168 0 5.0 0
Reward 1 851.0824055221168 0 5.0 0
Reward 1 863.0824055221168 0 5.0 0
Reward 1 895.0824055221168 45.0 0 0
Reward 1 911.2245411458478 5.0 0 0
Reward 1 923.2245411458478 5.0 0 0
Reward 1 935.2245411458478 5.0 0 0
Reward 1 947.2245411458478 5.0 0 0
Reward 1 954.2285395471265 0.8 0 0
Reward 1 960.2285395471265 0.8 0 0
Reward 1 966.2285395471265 0.8 0 0
Reward 1 972.2285395471265 0.8 0 0
Reward 1 982.2285395471265 0.8 0 0
Reward 1 988.2285395471265 0.8 0 0
Reward 1 994.2285395471265 0.8 0 0
Reward 1 1000.2285395471265 0.8 0 0
Reward 1 1006.2285395471265 0.8 0 0
Reward 1 1012.2285395471265 0.8 0 0
Reward 1 1018.2285395471265 0.8 0 0
Reward 1 1024.2285395471265 0.8 0 0
Reward 1 1030.2285395471265 0.8 0 0
Reward 1 1036.2285395471265 0.8 0 0
Reward 1 1042.2285395471265 0.8 0 0
Reward 1 1048.2285395471265 0.8 0 0
Reward 1 1054.2285395471265 0.8 0 0
Reward 1 1060.2285395471265 0.8 0 0
Reward 1 1066.2285395471265 0.8 0 0
Reward 1 1072.2285395471265 0 0.8 0
Reward 1 1078.2285395471265 0 0.8 0
Reward 1 1084.2285395471265 0 0.8 0
Reward 1 1090.2285395471265 0 0.8 0
Reward 1 1096.2285395471265 0 0.8 0
Reward 1 1102.2285395471265 0 0.8 0
Reward 1 1108.2285395471265 0 0.8 0
Reward 1 1114.2285395471265 0 0.8 0
Reward 1 1120.2285395471265 0 0.8 0
Reward 1 1126.2285395471265 0 0.8 0
Reward 1 1132.2285395471265 0 0.8 0
Reward 1 1138.2285395471265 0 0.8 0
Reward 1 1144.2285395471265 0 0.8 0
Reward 1 1150.2285395471265 0 0.8 0
Reward 1 1156.2285395471265 0 0.8 0
Reward 1 1162.2285395471265 0 0.8 0
Reward 1 1198.6959154263548 12.8 0 0
Add 1 1200.6959154263548 1200.0 ('BM', 0) 360
Miss 1 1200.6959154263548 ('BM', 0) 1200.0 0
Hover 1 1200.6959154263548
Time 1 4.4410412311553955
Total 1 630.3999999999993 0.0 117 [(0, 0, 0), (6.5, 6.5, 120), (11.5, 6.5, 120), (21.5, 6.5, 120), (32.5, 6.5, 120), (36.5, 6.5, 120), (18, 5, 66), (17.5, 2.5, 50.0), (22.5, 2.5, 50.0), (22.5, 7.5, 50.0), (27.5, 7.5, 50.0), (27.5, 2.5, 50.0), (32.5, 2.5, 50.0), (37.5, 2.5, 50.0), (37.5, 7.5, 50.0), (32.5, 7.5, 50.0), (17.5, 7.5, 50.0), (12.5, 2.5, 50.0), (7.5, 2.5, 50.0), (2.5, 2.5, 50.0), (2.5, 7.5, 50.0), (3.0, 7.0, 26.0), (1.0, 7.0, 26.0), (1.0, 9.0, 26.0), (3.0, 9.0, 26.0), (3.0, 5.0, 26.0), (3.0, 3.0, 26.0), (5.0, 3.0, 26.0), (5.0, 1.0, 26.0), (7.0, 1.0, 26.0), (9.0, 1.0, 26.0), (9.0, 3.0, 26.0), (11.0, 3.0, 26.0), (13.0, 3.0, 26.0), (13.0, 1.0, 26.0), (15.0, 1.0, 26.0), (17.0, 1.0, 26.0), (19.0, 1.0, 26.0), (19.0, 3.0, 26.0), (19.0, 5.0, 26.0), (21.0, 5.0, 26.0), (21.0, 3.0, 26.0), (21.0, 1.0, 26.0), (23.0, 1.0, 26.0), (25.0, 1.0, 26.0), (25.0, 3.0, 26.0), (27.0, 3.0, 26.0), (27.0, 5.0, 26.0), (29.0, 5.0, 26.0), (29.0, 7.0, 26.0), (29.0, 9.0, 26.0), (31.0, 9.0, 26.0), (31.0, 7.0, 26.0), (31.0, 5.0, 26.0), (33.0, 5.0, 26.0), (35.0, 5.0, 26.0), (37.0, 5.0, 26.0), (37.0, 7.0, 26.0), (35.0, 7.0, 26.0), (18, 8, 26), (21.5, 6.5, 120), (11.5, 6.5, 120), (6.5, 6.5, 120), (32.5, 6.5, 120), (36.5, 6.5, 120), (18, 5, 66), (17.5, 2.5, 50.0), (22.5, 2.5, 50.0), (22.5, 7.5, 50.0), (27.5, 7.5, 50.0), (27.5, 2.5, 50.0), (32.5, 2.5, 50.0), (37.5, 2.5, 50.0), (37.5, 7.5, 50.0), (32.5, 7.5, 50.0), (17.5, 7.5, 50.0), (12.5, 2.5, 50.0), (7.5, 2.5, 50.0), (2.5, 2.5, 50.0), (2.5, 7.5, 50.0), (3.0, 7.0, 26.0), (1.0, 7.0, 26.0), (1.0, 9.0, 26.0), (3.0, 9.0, 26.0), (3.0, 5.0, 26.0), (3.0, 3.0, 26.0), (5.0, 3.0, 26.0), (5.0, 1.0, 26.0), (7.0, 1.0, 26.0), (9.0, 1.0, 26.0), (9.0, 3.0, 26.0), (11.0, 3.0, 26.0), (13.0, 3.0, 26.0), (13.0, 1.0, 26.0), (15.0, 1.0, 26.0), (17.0, 1.0, 26.0), (19.0, 1.0, 26.0), (19.0, 3.0, 26.0), (19.0, 5.0, 26.0), (21.0, 5.0, 26.0), (21.0, 3.0, 26.0), (21.0, 1.0, 26.0), (23.0, 1.0, 26.0), (25.0, 1.0, 26.0), (25.0, 3.0, 26.0), (27.0, 3.0, 26.0), (27.0, 5.0, 26.0), (29.0, 5.0, 26.0), (29.0, 7.0, 26.0), (29.0, 9.0, 26.0), (31.0, 9.0, 26.0), (31.0, 7.0, 26.0), (31.0, 5.0, 26.0), (33.0, 5.0, 26.0), (35.0, 5.0, 26.0), (18, 7, 46), (18, 7, 46)]
Add 2 0 FT 8
Add 2 0 BM 345
Reward 2 82.98780397107853 4.8 0 0
Reward 2 105.59798675605285 28.8 0 0
Reward 2 114.59798675605285 19.2 0 0
Reward 2 117.59798675605285 4.8 0 0
Reward 2 131.40423523091854 4.2 0 0
Reward 2 145.21048370578424 24.0 0 0
Add 2 156.4085227329698 150.0 ('FT', 0) 9
Miss 2 156.4085227329698 ('FT', 0) 150.0 0
Reward 2 156.4085227329698 25.8 0 0.0
Reward 2 204.68430934726103 5.4 0 0
Reward 2 249.35352046905712 3.6 0 0
Reward 2 260.3535204690571 4.8 0 0
Reward 2 269.3535204690571 14.4 0 0
Reward 2 280.3535204690571 22.2 0 0
Reward 2 287.67807578939386 6.0 0 0
Reward 2 298.67807578939386 18.0 0 0
Add 2 305.67807578939386 300.0 ('FT', 0) 11
Miss 2 305.67807578939386 ('FT', 0) 300.0 0
Reward 2 305.67807578939386 10.2 0 0.0
Reward 2 370.57643257577763 6.6 0 0
Reward 2 427.02911510782474 21.0 0 0
Reward 2 441.1058119384468 1.8 0 0
Reward 2 448.1058119384468 1.8 0 0
Add 2 455.1058119384468 450.0 ('FT', 0) 13
Miss 2 455.1058119384468 ('FT', 0) 450.0 0
Reward 2 455.1058119384468 1.8 0 0.0
Reward 2 519.0978749305413 7.8 0 0
Reward 2 523.5964460674485 2.4 0 0
Reward 2 529.4954255530148 0.8 0 0
Reward 2 534.4954255530148 0.6 0 0
Reward 2 539.4954255530148 0.6 0 0
Reward 2 546.4954255530148 0.6 0 0
Reward 2 564.0676915417081 1.8 0 0
Reward 2 571.0676915417081 1.8 0 0
Reward 2 578.0676915417081 1.8 0 0
Reward 2 585.0676915417081 1.8 0 0
Reward 2 592.0676915417081 1.8 0 0
Reward 2 595.0676915417081 0.6 0 0
Reward 2 598.35679617016 0.4 0 0
Add 2 601.6459007986119 600.0 ('FT', 0) 16
Miss 2 601.6459007986119 ('FT', 0) 600.0 0
Add 2 601.6459007986119 600 ('BM', 0) 345
Miss 2 601.6459007986119 ('BM', 0) 600 0
Reward 2 601.6459007986119 7.2 0 0.0
Reward 2 639.3065063582586 9.6 0 0
Reward 2 661.9166891432329 28.8 0 0
Reward 2 670.9166891432329 15.6 0 0
Reward 2 673.9166891432329 3.0 0 0
Reward 2 687.7229376180986 4.2 0 0
Reward 2 701.5291860929643 24.0 0 0
Reward 2 712.7272251201499 25.8 0 0
Reward 2 723.7272251201499 24.0 0 0
Reward 2 738.7272251201499 33.6 0 0
Reward 2 745.7272251201499 4.8 0 0
Add 2 756.7272251201499 750.0 ('FT', 0) 19
Miss 2 756.7272251201499 ('FT', 0) 750.0 0
Reward 2 756.7272251201499 18.0 0 0.0
Reward 2 819.3307964451957 11.4 0 0
Reward 2 864.0000075669918 3.6 0 0
Reward 2 875.0000075669918 4.8 0 0
Reward 2 884.0000075669918 3.6 0 0
Reward 2 895.0000075669918 7.8 0 0
Add 2 909.3790957272515 900.0 ('FT', 0) 22
Miss 2 909.3790957272515 ('FT', 0) 900.0 0
Reward 2 909.3790957272515 1.8 0 0.0
Reward 2 969.3367076191862 12.0 0 0
Reward 2 972.3367076191862 1.2 0 0
Reward 2 976.8352787560934 2.6 0 0
Reward 2 979.8352787560934 0.8 0 0
Reward 2 986.4921330055859 1.2 0 0
Reward 2 991.4921330055859 0.8 0 0
Reward 2 994.4921330055859 0.4 0 0
Reward 2 999.9642689605854 0.8 0 0
Reward 2 1005.436404915585 0.6 0 0
Reward 2 1012.436404915585 0.6 0 0
Reward 2 1017.436404915585 0.6 0 0
Reward 2 1020.436404915585 0.2 0 0
Reward 2 1025.436404915585 0.2 0 0
Reward 2 1044.8385787002223 1.8 0 0
Add 2 1051.8385787002223 1050.0 ('FT', 0) 25
Miss 2 1051.8385787002223 ('FT', 0) 1050.0 0
Reward 2 1051.8385787002223 1.8 0 0.0
Reward 2 1078.4510756499537 13.2 0 0
Reward 2 1081.4510756499537 1.8 0 0
Reward 2 1085.949646786861 2.6 0 0
Reward 2 1088.949646786861 0.8 0 0
Reward 2 1095.6065010363534 1.2 0 0
Reward 2 1100.6065010363534 1.2 0 0
Reward 2 1106.078636991353 0.8 0 0
Reward 2 1109.078636991353 0.4 0 0
Reward 2 1114.5507729463527 0.6 0 0
Reward 2 1121.5507729463527 0.6 0 0
Reward 2 1126.5507729463527 0.6 0 0
Reward 2 1129.5507729463527 0.4 0 0
Reward 2 1147.123038935046 1.8 0 0
Reward 2 1154.123038935046 1.8 0 0
Reward 2 1161.123038935046 1.8 0 0
Reward 2 1168.123038935046 1.8 0 0
Reward 2 1175.123038935046 1.8 0 0
Reward 2 1182.123038935046 1.8 0 0
Reward 2 1185.123038935046 0.6 0 0
Reward 2 1191.5304412688843 0.8 0 0
Reward 2 1196.5304412688843 0.6 0 0
Hover 2 1197.5304412688843
Hover 2 1198.5304412688843
Hover 2 1199.5304412688843
Add 2 1200.5304412688843 1200.0 ('FT', 0) 25
Miss 2 1200.5304412688843 ('FT', 0) 1200.0 0
Add 2 1200.5304412688843 1200.0 ('BM', 0) 345
Miss 2 1200.5304412688843 ('BM', 0) 1200.0 0
Reward 2 1200.5304412688843 3.6 0 0.0
Time 2 4.935106039047241
Total 2 549.8000000000001 0.0 92 [(0, 0, 0), (14.5, 37.5, 80.0), (19.0, 28.0, 105.0), (19.0, 24.0, 105.0), (20.0, 24.0, 105.0), (24.0, 29.0, 105.0), (28.0, 24.0, 105.0), (29.0, 19.0, 105.0), (14.5, 37.5, 80.0), (34.0, 28.0, 105.0), (39.0, 28.0, 105.0), (39.0, 24.0, 105.0), (36.0, 20.0, 105.0), (39.0, 19.0, 105.0), (39.0, 14.0, 105.0), (36.0, 14.0, 105.0), (14.5, 37.5, 80.0), (29.0, 14.0, 105.0), (28.5, 13.5, 40.0), (31.5, 13.5, 40.0), (34.5, 13.5, 40.0), (14.5, 37.5, 80.0), (14.0, 38.0, 64.0), (15.0, 37.0, 44.0), (15.0, 39.0, 44.0), (13.0, 39.0, 44.0), (13.0, 36.0, 44.0), (16.5, 28.5, 40.0), (16.5, 25.5, 40.0), (16.5, 22.5, 40.0), (19.5, 22.5, 40.0), (22.5, 22.5, 40.0), (22.5, 21.5, 40.0), (23.0, 21.0, 31.0), (22.5, 21.5, 40.0), (14.5, 37.5, 80.0), (19.0, 28.0, 105.0), (19.0, 24.0, 105.0), (20.0, 24.0, 105.0), (24.0, 29.0, 105.0), (28.0, 24.0, 105.0), (29.0, 19.0, 105.0), (29.0, 14.0, 105.0), (36.0, 14.0, 105.0), (39.0, 14.0, 105.0), (39.0, 19.0, 105.0), (14.5, 37.5, 80.0), (34.0, 28.0, 105.0), (39.0, 28.0, 105.0), (39.0, 24.0, 105.0), (36.0, 20.0, 105.0), (37.5, 19.5, 40.0), (14.5, 37.5, 80.0), (14.5, 38.5, 80.0), (14.0, 38.0, 64.0), (14.0, 37.0, 64.0), (16.0, 37.0, 44.0), (16.0, 39.0, 44.0), (15.0, 39.0, 44.0), (14.0, 41.0, 44.0), (13.0, 39.0, 44.0), (13.0, 36.0, 44.0), (15.0, 36.0, 44.0), (15.0, 37.0, 44.0), (13.0, 37.0, 44.0), (16.5, 28.5, 40.0), (16.5, 25.5, 40.0), (14.5, 37.5, 80.0), (14.5, 38.5, 80.0), (14.0, 38.0, 64.0), (14.0, 37.0, 64.0), (16.0, 37.0, 44.0), (16.0, 39.0, 44.0), (15.0, 41.0, 44.0), (14.0, 41.0, 44.0), (13.0, 39.0, 44.0), (13.0, 36.0, 44.0), (15.0, 36.0, 44.0), (16.0, 36.0, 44.0), (19.5, 28.5, 40.0), (22.5, 28.5, 40.0), (22.5, 25.5, 40.0), (19.5, 25.5, 40.0), (19.5, 22.5, 40.0), (16.5, 22.5, 40.0), (16.5, 21.5, 40.0), (19.0, 21.0, 31.0), (21.0, 21.0, 31.0), (21.0, 21.0, 31.0), (21.0, 21.0, 31.0), (21.0, 21.0, 31.0), (21.0, 21.0, 31.0)]
Add 3 0 BM 660
Reward 3 51.93132631298737 30.0 0 0
Reward 3 82.93132631298738 0 30.0 0
Reward 3 119.98683906762727 0 82.8 0
Reward 3 122.98683906762727 0 6.6 0
Reward 3 149.98683906762727 0 79.2 0
Reward 3 171.08659030986905 0 66.0 0
Reward 3 182.08659030986905 0 32.4 0
Reward 3 205.44727008486694 0 36.0 0
Reward 3 220.5894057085979 0 33.0 0
Reward 3 259.222369981958 366.0 0 0
Reward 3 275.11666419148673 5.0 0 0
Reward 3 286.11666419148673 5.0 0 0
Reward 3 317.11666419148673 5.0 0 0
Reward 3 328.11666419148673 5.0 0 0
Reward 3 357.40093543894864 0 5.0 0
Reward 3 368.40093543894864 0 5.0 0
Reward 3 379.40093543894864 0 5.0 0
Reward 3 390.40093543894864 0 5.0 0
Reward 3 401.40093543894864 0 5.0 0
Reward 3 412.40093543894864 0 5.0 0
Reward 3 443.40093543894864 0 5.0 0
Reward 3 454.40093543894864 0 5.0 0
Reward 3 465.40093543894864 0 5.0 0
Reward 3 476.40093543894864 0 5.0 0
Reward 3 487.40093543894864 0 5.0 0
Reward 3 498.40093543894864 0 5.0 0
Reward 3 509.40093543894864 0 5.0 0
Reward 3 520.4009354389486 0 5.0 0
Reward 3 531.4009354389486 0 5.0 0
Reward 3 542.4009354389486 0 5.0 0
Reward 3 553.4009354389486 0 5.0 0
Reward 3 564.4009354389486 0 5.0 0
Reward 3 570.4049338402274 0 0.8 0
Reward 3 599.4762715354638 90.8 0 0
Add 3 656.1488859881729 600 ('BM', 0) 660
Miss 3 656.1488859881729 ('BM', 0) 600 0
Reward 3 656.1488859881729 0.0 85.2 0.0
Reward 3 667.1488859881729 0 33.0 0
Reward 3 688.2486372304147 0 59.4 0
Reward 3 715.2486372304147 0 83.4 0
Reward 3 718.2486372304147 0 6.0 0
Reward 3 755.3041499850547 0 30.0 0
Reward 3 786.3041499850547 327.0 0 0
Reward 3 837.3041499850547 0 61.8 0
Reward 3 852.4462856087856 0 7.2 0
Reward 3 902.0779625282586 69.0 0 0
Reward 3 917.8644428396782 5.0 0 0
Reward 3 928.8644428396782 5.0 0 0
Reward 3 959.8644428396782 5.0 0 0
Reward 3 970.8644428396782 5.0 0 0
Reward 3 1000.1487140871401 0 5.0 0
Reward 3 1011.1487140871401 0 5.0 0
Reward 3 1022.1487140871401 0 5.0 0
Reward 3 1033.14871408714 0 5.0 0
Reward 3 1044.14871408714 0 5.0 0
Reward 3 1055.14871408714 0 5.0 0
Reward 3 1086.14871408714 0 5.0 0
Reward 3 1097.14871408714 0 5.0 0
Reward 3 1108.14871408714 0 5.0 0
Reward 3 1119.14871408714 0 5.0 0
Reward 3 1130.14871408714 0 5.0 0
Reward 3 1141.14871408714 0 5.0 0
Reward 3 1152.14871408714 0 5.0 0
Reward 3 1199.2208314684804 65.0 0 0
Add 3 1200.2208314684804 1200.0 ('BM', 0) 660
Miss 3 1200.2208314684804 ('BM', 0) 1200.0 0
Hover 3 1200.2208314684804
Time 3 10.869592666625977
Total 3 987.8 0.0 64 [(0, 0, 0), (6.5, 21.5, 120), (21.5, 21.5, 120), (36.5, 31.5, 120), (36.5, 32.5, 120), (36.5, 45.5, 120), (26.5, 46.5, 120), (21.5, 46.5, 120), (11.5, 51.5, 120), (6.5, 46.5, 120), (6, 28, 86), (2.5, 22.5, 50.0), (2.5, 17.5, 50.0), (17.5, 17.5, 50.0), (22.5, 17.5, 50.0), (32.5, 27.5, 50.0), (32.5, 32.5, 50.0), (32.5, 37.5, 50.0), (37.5, 37.5, 50.0), (37.5, 32.5, 50.0), (37.5, 27.5, 50.0), (37.5, 42.5, 50.0), (32.5, 42.5, 50.0), (32.5, 47.5, 50.0), (27.5, 47.5, 50.0), (27.5, 42.5, 50.0), (22.5, 42.5, 50.0), (22.5, 47.5, 50.0), (17.5, 47.5, 50.0), (12.5, 47.5, 50.0), (7.5, 47.5, 50.0), (2.5, 47.5, 50.0), (2.5, 42.5, 50.0), (3.0, 43.0, 26.0), (2, 29, 26), (21.5, 46.5, 120), (26.5, 46.5, 120), (36.5, 45.5, 120), (36.5, 32.5, 120), (36.5, 31.5, 120), (21.5, 21.5, 120), (6.5, 21.5, 120), (6.5, 46.5, 120), (11.5, 51.5, 120), (6, 29, 46), (2.5, 22.5, 50.0), (2.5, 17.5, 50.0), (17.5, 17.5, 50.0), (22.5, 17.5, 50.0), (32.5, 27.5, 50.0), (32.5, 32.5, 50.0), (32.5, 37.5, 50.0), (37.5, 37.5, 50.0), (37.5, 32.5, 50.0), (37.5, 27.5, 50.0), (37.5, 42.5, 50.0), (32.5, 42.5, 50.0), (32.5, 47.5, 50.0), (27.5, 47.5, 50.0), (27.5, 42.5, 50.0), (22.5, 42.5, 50.0), (22.5, 47.5, 50.0), (12, 27, 46), (12, 27, 46)]
Add 4 0 FT 0
Hover 4 1.0
Hover 4 2.0
Hover 4 3.0
Hover 4 4.0
Hover 4 5.0
Hover 4 6.0
Hover 4 7.0
Hover 4 8.0
Hover 4 9.0
Hover 4 10.0
Hover 4 11.0
Hover 4 12.0
Hover 4 13.0
Hover 4 14.0
Hover 4 15.0
Hover 4 16.0
Hover 4 17.0
Hover 4 18.0
Hover 4 19.0
Hover 4 20.0
Hover 4 21.0
Hover 4 22.0
Hover 4 23.0
Hover 4 24.0
Hover 4 25.0
Hover 4 26.0
Hover 4 27.0
Hover 4 28.0
Hover 4 29.0
Hover 4 30.0
Hover 4 31.0
Hover 4 32.0
Hover 4 33.0
Hover 4 34.0
Hover 4 35.0
Hover 4 36.0
Hover 4 37.0
Hover 4 38.0
Hover 4 39.0
Hover 4 40.0
Hover 4 41.0
Hover 4 42.0
Hover 4 43.0
Hover 4 44.0
Hover 4 45.0
Hover 4 46.0
Hover 4 47.0
Hover 4 48.0
Hover 4 49.0
Hover 4 50.0
Hover 4 51.0
Hover 4 52.0
Hover 4 53.0
Hover 4 54.0
Hover 4 55.0
Hover 4 56.0
Hover 4 57.0
Hover 4 58.0
Hover 4 59.0
Hover 4 60.0
Hover 4 61.0
Hover 4 62.0
Hover 4 63.0
Hover 4 64.0
Hover 4 65.0
Hover 4 66.0
Hover 4 67.0
Hover 4 68.0
Hover 4 69.0
Hover 4 70.0
Hover 4 71.0
Hover 4 72.0
Hover 4 73.0
Hover 4 74.0
Hover 4 75.0
Hover 4 76.0
Hover 4 77.0
Hover 4 78.0
Hover 4 79.0
Hover 4 80.0
Hover 4 81.0
Hover 4 82.0
Hover 4 83.0
Hover 4 84.0
Hover 4 85.0
Hover 4 86.0
Hover 4 87.0
Hover 4 88.0
Hover 4 89.0
Hover 4 90.0
Hover 4 91.0
Hover 4 92.0
Hover 4 93.0
Hover 4 94.0
Hover 4 95.0
Hover 4 96.0
Hover 4 97.0
Hover 4 98.0
Hover 4 99.0
Hover 4 100.0
Hover 4 101.0
Hover 4 102.0
Hover 4 103.0
Hover 4 104.0
Hover 4 105.0
Hover 4 106.0
Hover 4 107.0
Hover 4 108.0
Hover 4 109.0
Hover 4 110.0
Hover 4 111.0
Hover 4 112.0
Hover 4 113.0
Hover 4 114.0
Hover 4 115.0
Hover 4 116.0
Hover 4 117.0
Hover 4 118.0
Hover 4 119.0
Hover 4 120.0
Hover 4 121.0
Hover 4 122.0
Hover 4 123.0
Hover 4 124.0
Hover 4 125.0
Hover 4 126.0
Hover 4 127.0
Hover 4 128.0
Hover 4 129.0
Hover 4 130.0
Hover 4 131.0
Hover 4 132.0
Hover 4 133.0
Hover 4 134.0
Hover 4 135.0
Hover 4 136.0
Hover 4 137.0
Hover 4 138.0
Hover 4 139.0
Hover 4 140.0
Hover 4 141.0
Hover 4 142.0
Hover 4 143.0
Hover 4 144.0
Hover 4 145.0
Hover 4 146.0
Hover 4 147.0
Hover 4 148.0
Hover 4 149.0
Hover 4 150.0
Add 4 151.0 150.0 ('FT', 0) 0
Miss 4 151.0 ('FT', 0) 150.0 0
Hover 4 151.0
Hover 4 152.0
Hover 4 153.0
Hover 4 154.0
Hover 4 155.0
Hover 4 156.0
Hover 4 157.0
Hover 4 158.0
Hover 4 159.0
Hover 4 160.0
Hover 4 161.0
Hover 4 162.0
Hover 4 163.0
Hover 4 164.0
Hover 4 165.0
Hover 4 166.0
Hover 4 167.0
Hover 4 168.0
Hover 4 169.0
Hover 4 170.0
Hover 4 171.0
Hover 4 172.0
Hover 4 173.0
Hover 4 174.0
Hover 4 175.0
Hover 4 176.0
Hover 4 177.0
Hover 4 178.0
Hover 4 179.0
Hover 4 180.0
Hover 4 181.0
Hover 4 182.0
Hover 4 183.0
Hover 4 184.0
Hover 4 185.0
Hover 4 186.0
Hover 4 187.0
Hover 4 188.0
Hover 4 189.0
Hover 4 190.0
Hover 4 191.0
Hover 4 192.0
Hover 4 193.0
Hover 4 194.0
Hover 4 195.0
Hover 4 196.0
Hover 4 197.0
Hover 4 198.0
Hover 4 199.0
Hover 4 200.0
Hover 4 201.0
Hover 4 202.0
Hover 4 203.0
Hover 4 204.0
Hover 4 205.0
Hover 4 206.0
Hover 4 207.0
Hover 4 208.0
Hover 4 209.0
Hover 4 210.0
Hover 4 211.0
Hover 4 212.0
Hover 4 213.0
Hover 4 214.0
Hover 4 215.0
Hover 4 216.0
Hover 4 217.0
Hover 4 218.0
Hover 4 219.0
Hover 4 220.0
Hover 4 221.0
Hover 4 222.0
Hover 4 223.0
Hover 4 224.0
Hover 4 225.0
Hover 4 226.0
Hover 4 227.0
Hover 4 228.0
Hover 4 229.0
Hover 4 230.0
Hover 4 231.0
Hover 4 232.0
Hover 4 233.0
Hover 4 234.0
Hover 4 235.0
Hover 4 236.0
Hover 4 237.0
Hover 4 238.0
Hover 4 239.0
Hover 4 240.0
Hover 4 241.0
Hover 4 242.0
Hover 4 243.0
Hover 4 244.0
Hover 4 245.0
Hover 4 246.0
Hover 4 247.0
Hover 4 248.0
Hover 4 249.0
Hover 4 250.0
Hover 4 251.0
Hover 4 252.0
Hover 4 253.0
Hover 4 254.0
Hover 4 255.0
Hover 4 256.0
Hover 4 257.0
Hover 4 258.0
Hover 4 259.0
Hover 4 260.0
Hover 4 261.0
Hover 4 262.0
Hover 4 263.0
Hover 4 264.0
Hover 4 265.0
Hover 4 266.0
Hover 4 267.0
Hover 4 268.0
Hover 4 269.0
Hover 4 270.0
Hover 4 271.0
Hover 4 272.0
Hover 4 273.0
Hover 4 274.0
Hover 4 275.0
Hover 4 276.0
Hover 4 277.0
Hover 4 278.0
Hover 4 279.0
Hover 4 280.0
Hover 4 281.0
Hover 4 282.0
Hover 4 283.0
Hover 4 284.0
Hover 4 285.0
Hover 4 286.0
Hover 4 287.0
Hover 4 288.0
Hover 4 289.0
Hover 4 290.0
Hover 4 291.0
Hover 4 292.0
Hover 4 293.0
Hover 4 294.0
Hover 4 295.0
Hover 4 296.0
Hover 4 297.0
Hover 4 298.0
Hover 4 299.0
Hover 4 300.0
Add 4 301.0 300.0 ('FT', 0) 0
Miss 4 301.0 ('FT', 0) 300.0 0
Hover 4 301.0
Hover 4 302.0
Hover 4 303.0
Hover 4 304.0
Hover 4 305.0
Hover 4 306.0
Hover 4 307.0
Hover 4 308.0
Hover 4 309.0
Hover 4 310.0
Hover 4 311.0
Hover 4 312.0
Hover 4 313.0
Add 4 450.6463399517976 450.0 ('FT', 0) 1
Miss 4 450.6463399517976 ('FT', 0) 450.0 0
Reward 4 450.6463399517976 0.0 1.8 0.0
Reward 4 489.5731700914816 0.6 0 0
Reward 4 520.7577872186063 0 0.8 0
Reward 4 551.942404345731 0.4 0 0
Hover 4 552.942404345731
Hover 4 553.942404345731
Hover 4 554.942404345731
Hover 4 555.942404345731
Hover 4 556.942404345731
Hover 4 557.942404345731
Hover 4 558.942404345731
Hover 4 559.942404345731
Hover 4 560.942404345731
Hover 4 561.942404345731
Add 4 600.8692344854151 600.0 ('FT', 0) 3
Miss 4 600.8692344854151 ('FT', 0) 600.0 0
Reward 4 600.8692344854151 0.0 1.8 0.0
Reward 4 639.7960646250991 1.8 0 0
Reward 4 670.9806817522239 0 0.8 0
Reward 4 678.6473484188905 0 0.4 0
Reward 4 711.2701250205743 1.2 0 0
Add 4 750.1969551602583 750.0 ('FT', 0) 3
Miss 4 750.1969551602583 ('FT', 0) 750.0 0
Reward 4 750.1969551602583 0.0 1.8 0.0
Reward 4 789.1237852999424 1.8 0 0
Reward 4 820.3084024270671 0 0.8 0
Reward 4 827.9750690937337 0 0.4 0
Reward 4 860.5978456954175 1.2 0 0
Hover 4 861.5978456954175
Add 4 900.5246758351016 900.0 ('FT', 0) 3
Miss 4 900.5246758351016 ('FT', 0) 900.0 0
Reward 4 900.5246758351016 0.0 1.8 0.0
Reward 4 939.4515059747856 1.8 0 0
Reward 4 970.6361231019104 0 0.8 0
Reward 4 978.302789768577 0 0.4 0
Reward 4 1010.9255663702608 1.2 0 0
Hover 4 1011.9255663702608
Add 4 1050.8523965099448 1050.0 ('FT', 0) 3
Miss 4 1050.8523965099448 ('FT', 0) 1050.0 0
Reward 4 1050.8523965099448 0.0 1.8 0.0
Reward 4 1089.7792266496288 1.8 0 0
Reward 4 1120.9638437767535 0 0.8 0
Reward 4 1128.6305104434202 0 0.4 0
Reward 4 1161.2532870451041 1.2 0 0
Hover 4 1162.2532870451041
Hover 4 1163.2532870451041
Hover 4 1164.2532870451041
Hover 4 1165.2532870451041
Hover 4 1166.2532870451041
Hover 4 1167.2532870451041
Hover 4 1168.2532870451041
Hover 4 1169.2532870451041
Hover 4 1170.2532870451041
Hover 4 1171.2532870451041
Hover 4 1172.2532870451041
Hover 4 1173.2532870451041
Hover 4 1174.2532870451041
Hover 4 1175.2532870451041
Hover 4 1176.2532870451041
Hover 4 1177.2532870451041
Hover 4 1178.2532870451041
Hover 4 1179.2532870451041
Hover 4 1180.2532870451041
Hover 4 1181.2532870451041
Hover 4 1182.2532870451041
Hover 4 1183.2532870451041
Hover 4 1184.2532870451041
Hover 4 1185.2532870451041
Hover 4 1186.2532870451041
Hover 4 1187.2532870451041
Hover 4 1188.2532870451041
Hover 4 1189.2532870451041
Hover 4 1190.2532870451041
Hover 4 1191.2532870451041
Hover 4 1192.2532870451041
Hover 4 1193.2532870451041
Hover 4 1194.2532870451041
Hover 4 1195.2532870451041
Hover 4 1196.2532870451041
Hover 4 1197.2532870451041
Hover 4 1198.2532870451041
Hover 4 1199.2532870451041
Add 4 1200.2532870451041 1200.0 ('FT', 0) 3
Miss 4 1200.2532870451041 ('FT', 0) 1200.0 0
Hover 4 1200.2532870451041
Time 4 0.08631420135498047
Total 4 13.0 0.0 389 [(0, 0, 0), (0, 0, 0), (0, 0, 0), (0, 0, 0), (0, 0, 0), (0, 0, 0), (0, 0, 0), (0, 0, 0), (0, 0, 0), (0, 0, 0), (0, 0, 0), (0, 0, 0), (0, 0, 0), (0, 0, 0), (0, 0, 0), (0, 0, 0), (0, 0, 0), (0, 0, 0), (0, 0, 0), (0, 0, 0), (0, 0, 0), (0, 0, 0), (0, 0, 0), (0, 0, 0), (0, 0, 0), (0, 0, 0), (0, 0, 0), (0, 0, 0), (0, 0, 0), (0, 0, 0), (0, 0, 0), (0, 0, 0), (0, 0, 0), (0, 0, 0), (0, 0, 0), (0, 0, 0), (0, 0, 0), (0, 0, 0), (0, 0, 0), (0, 0, 0), (0, 0, 0), (0, 0, 0), (0, 0, 0), (0, 0, 0), (0, 0, 0), (0, 0, 0), (0, 0, 0), (0, 0, 0), (0, 0, 0), (0, 0, 0), (0, 0, 0), (0, 0, 0), (0, 0, 0), (0, 0, 0), (0, 0, 0), (0, 0, 0), (0, 0, 0), (0, 0, 0), (0, 0, 0), (0, 0, 0), (0, 0, 0), (0, 0, 0), (0, 0, 0), (0, 0, 0), (0, 0, 0), (0, 0, 0), (0, 0, 0), (0, 0, 0), (0, 0, 0), (0, 0, 0), (0, 0, 0), (0, 0, 0), (0, 0, 0), (0, 0, 0), (0, 0, 0), (0, 0, 0), (0, 0, 0), (0, 0, 0), (0, 0, 0), (0, 0, 0), (0, 0, 0), (0, 0, 0), (0, 0, 0), (0, 0, 0), (0, 0, 0), (0, 0, 0), (0, 0, 0), (0, 0, 0), (0, 0, 0), (0, 0, 0), (0, 0, 0), (0, 0, 0), (0, 0, 0), (0, 0, 0), (0, 0, 0), (0, 0, 0), (0, 0, 0), (0, 0, 0), (0, 0, 0), (0, 0, 0), (0, 0, 0), (0, 0, 0), (0, 0, 0), (0, 0, 0), (0, 0, 0), (0, 0, 0), (0, 0, 0), (0, 0, 0), (0, 0, 0), (0, 0, 0), (0, 0, 0), (0, 0, 0), (0, 0, 0), (0, 0, 0), (0, 0, 0), (0, 0, 0), (0, 0, 0), (0, 0, 0), (0, 0, 0), (0, 0, 0), (0, 0, 0), (0, 0, 0), (0, 0, 0), (0, 0, 0), (0, 0, 0), (0, 0, 0), (0, 0, 0), (0, 0, 0), (0, 0, 0), (0, 0, 0), (0, 0, 0), (0, 0, 0), (0, 0, 0), (0, 0, 0), (0, 0, 0), (0, 0, 0), (0, 0, 0), (0, 0, 0), (0, 0, 0), (0, 0, 0), (0, 0, 0), (0, 0, 0), (0, 0, 0), (0, 0, 0), (0, 0, 0), (0, 0, 0), (0, 0, 0), (0, 0, 0), (0, 0, 0), (0, 0, 0), (0, 0, 0), (0, 0, 0), (0, 0, 0), (0, 0, 0), (0, 0, 0), (0, 0, 0), (0, 0, 0), (0, 0, 0), (0, 0, 0), (0, 0, 0), (0, 0, 0), (0, 0, 0), (0, 0, 0), (0, 0, 0), (0, 0, 0), (0, 0, 0), (0, 0, 0), (0, 0, 0), (0, 0, 0), (0, 0, 0), (0, 0, 0), (0, 0, 0), (0, 0, 0), (0, 0, 0), (0, 0, 0), (0, 0, 0), (0, 0, 0), (0, 0, 0), (0, 0, 0), (0, 0, 0), (0, 0, 0), (0, 0, 0), (0, 0, 0), (0, 0, 0), (0, 0, 0), (0, 0, 0), (0, 0, 0), (0, 0, 0), (0, 0, 0), (0, 0, 0), (0, 0, 0), (0, 0, 0), (0, 0, 0), (0, 0, 0), (0, 0, 0), (0, 0, 0), (0, 0, 0), (0, 0, 0), (0, 0, 0), (0, 0, 0), (0, 0, 0), (0, 0, 0), (0, 0, 0), (0, 0, 0), (0, 0, 0), (0, 0, 0), (0, 0, 0), (0, 0, 0), (0, 0, 0), (0, 0, 0), (0, 0, 0), (0, 0, 0), (0, 0, 0), (0, 0, 0), (0, 0, 0), (0, 0, 0), (0, 0, 0), (0, 0, 0), (0, 0, 0), (0, 0, 0), (0, 0, 0), (0, 0, 0), (0, 0, 0), (0, 0, 0), (0, 0, 0), (0, 0, 0), (0, 0, 0), (0, 0, 0), (0, 0, 0), (0, 0, 0), (0, 0, 0), (0, 0, 0), (0, 0, 0), (0, 0, 0), (0, 0, 0), (0, 0, 0), (0, 0, 0), (0, 0, 0), (0, 0, 0), (0, 0, 0), (0, 0, 0), (0, 0, 0), (0, 0, 0), (0, 0, 0), (0, 0, 0), (0, 0, 0), (0, 0, 0), (0, 0, 0), (0, 0, 0), (0, 0, 0), (0, 0, 0), (0, 0, 0), (0, 0, 0), (0, 0, 0), (0, 0, 0), (0, 0, 0), (0, 0, 0), (0, 0, 0), (0, 0, 0), (0, 0, 0), (0, 0, 0), (0, 0, 0), (0, 0, 0), (0, 0, 0), (0, 0, 0), (0, 0, 0), (0, 0, 0), (0, 0, 0), (0, 0, 0), (0, 0, 0), (0, 0, 0), (0, 0, 0), (0, 0, 0), (0, 0, 0), (0, 0, 0), (0, 0, 0), (0, 0, 0), (0, 0, 0), (0, 0, 0), (0, 0, 0), (0, 0, 0), (0, 0, 0), (0, 0, 0), (0, 0, 0), (0, 0, 0), (0, 0, 0), (0, 0, 0), (0, 0, 0), (0, 0, 0), (0, 0, 0), (0, 0, 0), (0, 0, 0), (0, 0, 0), (0, 0, 0), (0, 0, 0), (0, 0, 0), (0, 0, 0), (0, 0, 0), (0, 0, 0), (0, 0, 0), (0, 0, 0), (0, 0, 0), (0, 0, 0), (0, 0, 0), (0, 0, 0), (0, 0, 0), (0, 0, 0), (0, 0, 0), (0, 0, 0), (0, 0, 0), (0, 0, 0), (0, 0, 0), (0, 0, 0), (0, 0, 0), (14.5, 37.5, 80.0), (12, 27, 44), (13.0, 36.0, 44.0), (12, 27, 44), (12, 27, 44), (12, 27, 44), (12, 27, 44), (12, 27, 44), (12, 27, 44), (12, 27, 44), (12, 27, 44), (12, 27, 44), (12, 27, 44), (12, 27, 44), (14.5, 37.5, 80.0), (12, 27, 44), (13.0, 36.0, 44.0), (15.0, 36.0, 44.0), (12, 27, 44), (14.5, 37.5, 80.0), (12, 27, 44), (13.0, 36.0, 44.0), (15.0, 36.0, 44.0), (12, 27, 44), (12, 27, 44), (14.5, 37.5, 80.0), (12, 27, 44), (13.0, 36.0, 44.0), (15.0, 36.0, 44.0), (12, 27, 44), (12, 27, 44), (14.5, 37.5, 80.0), (12, 27, 44), (13.0, 36.0, 44.0), (15.0, 36.0, 44.0), (12, 27, 44), (12, 27, 44), (12, 27, 44), (12, 27, 44), (12, 27, 44), (12, 27, 44), (12, 27, 44), (12, 27, 44), (12, 27, 44), (12, 27, 44), (12, 27, 44), (12, 27, 44), (12, 27, 44), (12, 27, 44), (12, 27, 44), (12, 27, 44), (12, 27, 44), (12, 27, 44), (12, 27, 44), (12, 27, 44), (12, 27, 44), (12, 27, 44), (12, 27, 44), (12, 27, 44), (12, 27, 44), (12, 27, 44), (12, 27, 44), (12, 27, 44), (12, 27, 44), (12, 27, 44), (12, 27, 44), (12, 27, 44), (12, 27, 44), (12, 27, 44), (12, 27, 44), (12, 27, 44), (12, 27, 44), (12, 27, 44), (12, 27, 44), (12, 27, 44)]
Add 5 0 FT 0
Add 5 0 BM 439
Add 5 0 FI 3
Reward 5 80.69536199802374 1.6 0 0
Reward 5 86.69536199802374 0.8 0 0
Reward 5 103.43171161385466 30.0 0 0
Reward 5 115.43171161385466 8.4 0 0
Reward 5 123.43171161385466 9.0 0 0
Reward 5 144.29967387796788 38.4 0 0
Add 5 160.29967387796788 150.0 ('FT', 0) 0
Miss 5 160.29967387796788 ('FT', 0) 150.0 0
Reward 5 160.29967387796788 33.6 0 0.0
Reward 5 172.29967387796788 24.0 0 0
Reward 5 180.29967387796788 11.4 0 0
Reward 5 192.29967387796788 9.6 0 0
Reward 5 208.29967387796788 33.6 0 0
Reward 5 214.77180983296745 13.2 0 0
Reward 5 225.7160817429666 20.4 0 0
Reward 5 236.66035365296574 14.4 0 0
Reward 5 252.8024892766967 17.4 0 0
Reward 5 267.87918610731873 1.8 0 0
Reward 5 275.87918610731873 1.8 0 0
Reward 5 283.87918610731873 1.8 0 0
Reward 5 291.87918610731873 1.8 0 0
Reward 5 299.87918610731873 1.8 0 0
Add 5 307.87918610731873 300.0 ('FT', 0) 0
Miss 5 307.87918610731873 ('FT', 0) 300.0 0
Add 5 307.87918610731873 300 ('FI', 0) 3
Miss 5 307.87918610731873 ('FI', 0) 300 0
Reward 5 307.87918610731873 1.8 0 0.0
Reward 5 328.9726404830989 1.6 0 0
Reward 5 334.9726404830989 0.8 0 0
Reward 5 342.3167961694539 1.8 0 0
Reward 5 350.6413514897906 1.8 0 0
Reward 5 358.6413514897906 1.8 0 0
Reward 5 366.6413514897906 1.8 0 0
Reward 5 374.6413514897906 1.8 0 0
Reward 5 382.6413514897906 1.8 0 0
Reward 5 390.6413514897906 1.8 0 0
Reward 5 398.6413514897906 1.8 0 0
Reward 5 406.6413514897906 1.8 0 0
Reward 5 414.6413514897906 1.8 0 0
Reward 5 422.6413514897906 1.8 0 0
Reward 5 430.6413514897906 1.8 0 0
Reward 5 438.6413514897906 1.8 0 0
Reward 5 446.6413514897906 1.8 0 0
Add 5 454.6413514897906 450.0 ('FT', 0) 0
Miss 5 454.6413514897906 ('FT', 0) 450.0 0
Reward 5 454.6413514897906 1.8 0 0.0
Reward 5 462.6413514897906 1.8 0 0
Reward 5 470.6413514897906 1.8 0 0
Reward 5 478.6413514897906 1.8 0 0
Reward 5 486.6413514897906 1.8 0 0
Reward 5 494.6413514897906 1.8 0 0
Reward 5 502.6413514897906 1.8 0 0
Reward 5 510.6413514897906 1.8 0 0
Reward 5 521.1266328640291 1.8 0 0
Reward 5 529.1266328640291 1.8 0 0
Reward 5 537.1266328640291 1.8 0 0
Reward 5 544.5340351978674 1.2 0 0
Reward 5 551.9414375317057 1.6 0 0
Reward 5 559.3488398655439 1.2 0 0
Reward 5 584.4408298187723 1.8 0 0
Reward 5 590.0795108985043 0.8 0 0
Reward 5 596.0795108985043 0.8 0 0
Add 5 616.9220160398065 600.0 ('FT', 0) 0
Miss 5 616.9220160398065 ('FT', 0) 600.0 0
Add 5 616.9220160398065 600 ('BM', 0) 423
Miss 5 616.9220160398065 ('BM', 0) 600 0
Add 5 616.9220160398065 600.0 ('FI', 0) 3
Miss 5 616.9220160398065 ('FI', 0) 600.0 0
Reward 5 616.9220160398065 38.4 0 0.0
Reward 5 645.9989434873586 1.6 0 0
Reward 5 651.9989434873586 0.8 0 0
Reward 5 668.7352931031895 23.4 0 0
Reward 5 680.7352931031895 8.4 0 0
Reward 5 688.7352931031895 9.0 0 0
Reward 5 709.6032553673027 38.4 0 0
Reward 5 725.6032553673027 33.6 0 0
Reward 5 737.6032553673027 24.0 0 0
Reward 5 745.6032553673027 11.4 0 0
Add 5 757.6032553673027 750.0 ('FT', 0) 0
Miss 5 757.6032553673027 ('FT', 0) 750.0 0
Reward 5 757.6032553673027 9.6 0 0.0
Reward 5 773.6032553673027 17.4 0 0
Reward 5 780.0753913223023 8.4 0 0
Reward 5 798.0753913223023 14.4 0 0
Reward 5 814.2175269460332 17.4 0 0
Reward 5 829.2942237766553 1.8 0 0
Reward 5 837.2942237766553 1.8 0 0
Reward 5 845.2942237766553 1.8 0 0
Reward 5 853.2942237766553 1.8 0 0
Reward 5 861.2942237766553 1.8 0 0
Reward 5 869.2942237766553 1.8 0 0
Reward 5 877.2942237766553 1.8 0 0
Reward 5 885.2942237766553 1.8 0 0
Reward 5 893.2942237766553 1.8 0 0
Add 5 901.2942237766553 900.0 ('FT', 0) 0
Miss 5 901.2942237766553 ('FT', 0) 900.0 0
Add 5 901.2942237766553 900.0 ('FI', 0) 3
Miss 5 901.2942237766553 ('FI', 0) 900.0 0
Reward 5 901.2942237766553 1.8 0 0.0
Reward 5 916.4304332755937 1.6 0 0
Reward 5 922.4304332755937 0.8 0 0
Reward 5 930.4769198587261 1.8 0 0
Reward 5 938.4769198587261 1.8 0 0
Reward 5 946.4769198587261 1.8 0 0
Reward 5 954.4769198587261 1.8 0 0
Reward 5 962.4769198587261 1.8 0 0
Reward 5 970.4769198587261 1.8 0 0
Reward 5 978.4769198587261 1.8 0 0
Reward 5 986.4769198587261 1.8 0 0
Reward 5 994.4769198587261 1.8 0 0
Reward 5 1002.4769198587261 1.8 0 0
Reward 5 1010.4769198587261 1.8 0 0
Reward 5 1018.4769198587261 1.8 0 0
Reward 5 1026.476919858726 1.8 0 0
Reward 5 1034.476919858726 1.8 0 0
Reward 5 1048.476919858726 1.8 0 0
Add 5 1056.476919858726 1050.0 ('FT', 0) 1
Miss 5 1056.476919858726 ('FT', 0) 1050.0 0
Reward 5 1056.476919858726 1.8 0 0.0
Reward 5 1088.3205121357962 1.0 0 0
Reward 5 1097.4366908856591 1.8 0 0
Reward 5 1105.4366908856591 1.8 0 0
Reward 5 1113.4366908856591 1.8 0 0
Reward 5 1117.4366908856591 0.6 0 0
Reward 5 1126.647793436587 1.0 0 0
Reward 5 1133.2564808853083 0.6 0 0
Reward 5 1139.2564808853083 0.8 0 0
Reward 5 1157.9070064025404 1.8 0 0
Reward 5 1165.9070064025404 1.8 0 0
Reward 5 1179.9070064025404 1.8 0 0
Reward 5 1187.9070064025404 1.8 0 0
Reward 5 1193.9070064025404 1.2 0 0
Hover 5 1195.9070064025404
Hover 5 1197.9070064025404
Hover 5 1199.9070064025404
Add 5 1201.9070064025404 1200.0 ('FT', 0) 1
Miss 5 1201.9070064025404 ('FT', 0) 1200.0 0
Add 5 1201.9070064025404 1200.0 ('BM', 0) 423
Miss 5 1201.9070064025404 ('BM', 0) 1200.0 0
Add 5 1201.9070064025404 1200.0 ('FI', 0) 3
Miss 5 1201.9070064025404 ('FI', 0) 1200.0 0
Reward 5 1201.9070064025404 7.2 0 0.0
Time 5 7.795153856277466
Total 5 661.7999999999988 0.0 115 [(0, 0, 0), (13.0, 37.0, 32.0), (13.0, 39.0, 32.0), (12.0, 39.0, 105.0), (12.0, 44.0, 105.0), (9.0, 44.0, 105.0), (4.0, 36.0, 105.0), (4.0, 29.0, 105.0), (9.0, 29.0, 105.0), (12.0, 29.0, 105.0), (12.0, 34.0, 105.0), (19.0, 34.0, 105.0), (20.0, 36.0, 105.0), (24.0, 34.0, 105.0), (28.0, 36.0, 105.0), (29.0, 29.0, 105.0), (28.5, 28.5, 40.0), (28.5, 31.5, 40.0), (28.5, 34.5, 40.0), (25.5, 34.5, 40.0), (25.5, 37.5, 40.0), (22.5, 37.5, 40.0), (13.0, 37.0, 32.0), (13.0, 39.0, 32.0), (13.5, 41.5, 40.0), (10.5, 40.5, 40.0), (7.5, 40.5, 40.0), (7.5, 37.5, 40.0), (7.5, 34.5, 40.0), (4.5, 34.5, 40.0), (1.5, 34.5, 40.0), (1.5, 31.5, 40.0), (1.5, 28.5, 40.0), (4.5, 28.5, 40.0), (7.5, 28.5, 40.0), (10.5, 28.5, 40.0), (10.5, 31.5, 40.0), (10.5, 34.5, 40.0), (13.5, 34.5, 40.0), (13.5, 31.5, 40.0), (16.5, 31.5, 40.0), (19.5, 31.5, 40.0), (19.5, 34.5, 40.0), (16.5, 34.5, 40.0), (16.5, 37.5, 40.0), (19.5, 37.5, 40.0), (22.5, 34.5, 40.0), (22.5, 31.5, 40.0), (25.5, 31.5, 40.0), (26.0, 29.0, 31.0), (26.5, 26.5, 40.0), (29.0, 26.0, 31.0), (28.5, 37.5, 40.0), (29.0, 39.0, 31.0), (27.0, 39.0, 31.0), (24.0, 34.0, 105.0), (13.0, 37.0, 32.0), (13.0, 39.0, 32.0), (12.0, 39.0, 105.0), (12.0, 44.0, 105.0), (9.0, 44.0, 105.0), (4.0, 36.0, 105.0), (4.0, 29.0, 105.0), (9.0, 29.0, 105.0), (12.0, 29.0, 105.0), (12.0, 34.0, 105.0), (19.0, 34.0, 105.0), (20.0, 36.0, 105.0), (28.0, 36.0, 105.0), (29.0, 29.0, 105.0), (28.5, 28.5, 40.0), (28.5, 31.5, 40.0), (28.5, 34.5, 40.0), (25.5, 34.5, 40.0), (25.5, 37.5, 40.0), (22.5, 37.5, 40.0), (22.5, 34.5, 40.0), (19.5, 34.5, 40.0), (19.5, 31.5, 40.0), (16.5, 31.5, 40.0), (13.0, 37.0, 32.0), (13.0, 39.0, 32.0), (10.5, 40.5, 40.0), (7.5, 40.5, 40.0), (7.5, 37.5, 40.0), (7.5, 34.5, 40.0), (4.5, 34.5, 40.0), (1.5, 34.5, 40.0), (1.5, 31.5, 40.0), (1.5, 28.5, 40.0), (4.5, 28.5, 40.0), (7.5, 28.5, 40.0), (10.5, 28.5, 40.0), (10.5, 31.5, 40.0), (10.5, 34.5, 40.0), (10.5, 37.5, 40.0), (4.5, 37.5, 40.0), (1.5, 37.5, 40.0), (16.0, 41.0, 44.0), (13.5, 43.5, 40.0), (10.5, 43.5, 40.0), (7.5, 43.5, 40.0), (6.5, 43.5, 40.0), (4.5, 40.5, 40.0), (3.0, 39.0, 31.0), (1.0, 39.0, 31.0), (4.5, 31.5, 40.0), (7.5, 31.5, 40.0), (13.5, 31.5, 40.0), (13.5, 28.5, 40.0), (13.5, 26.5, 40.0), (13.5, 26.5, 40.0), (13.5, 26.5, 40.0), (13.5, 26.5, 40.0), (13.5, 26.5, 40.0)]
